()	652
(())	241
()()	223
()(())	78
((()))	73
()()()	73
(()())	73
(((())))	27
()()()()	27
(()()())	26
()()(())	25
((()()))	22
(()(()))	19
()((()))	17
()(()())	15
()()((()))	13
()()()(())	13
(()((())))	11
(()(()()))	10
(()()()())	10
(((()())))	10
()((()()))	10
()()(()())	9
()(()()())	8
()(()(()))	8
()()()()()	7
()(((())))	7
((((()))))	7
((()()()))	6
()()(()()())	5
(()()(()))	5
(((()(()))))	5
(()(()()()))	5
(()(((()))))	4
()()()()()()	4
(()()()(()))	4
(()((()())))	4
((()()(()())))	4
()((((()))))	4
((((()(())))))	4
((()()()()))	4
(()((()()())))	4
((()(()())))	4
(()((()(()))))	3
((((((()))))))	3
((()(()()())))	3
()()()(()(()))	3
()()((((()))))	3
(()()()()())	3
((()((()))))	3
()()()()(())	3
()()(((())))	3
()()((()()))	3
()(()()()())	3
()((()(())))	3
()()(()()()()())	2
()((()()()()))	2
((()(())))	2
()((()(()())))	2
()(()(()()))	2
((((()(()())))))	2
()((()()()))	2
(((()((())))))	2
(()()()()()()()())	2
()()(()(((()))))	2
()(((()())))	2
()(()()(()()))	2
(()(()()()()()()()))	2
()(()()(()))	2
()()(()()()())	2
()((()((()))))	2
()()(()(()))	2
()()(((()())))	2
()()()((()()))	2
(()()()()()())	2
(((()()()())))	2
()(((()()())))	2
((()()(())))	2
()(()(()()()))	2
()()()()(()())	2
()()(((()(()))))	2
()()()(()()(()))	2
((((()()))))	2
(((()()())))	2
()()((()()()))	2
()(()((())))	2
()()()()()()()()((()))	1
()()()()((()))	1
((()((()()()))))	1
()(((()(()(()(()()))))))	1
()((((()()(()()()()(()()))))))	1
(()(()(()()())))	1
((()(()()()(()()()()()))))	1
()(()()((()(()()(()(()()))))))	1
(()()((((()())))))	1
((((()()()))))	1
((()((()(()(()))))))	1
()((()(((())))))	1
()()(()((())))	1
()()()()(((((()(()))))))	1
(()()()()(()))	1
((()()()((()))))	1
(()()(()(()(()()()()))))	1
()(()((()(()(()()()(()(()()())))))))	1
()()(((((()(()((()(((()())))))))))))	1
((()()()(()()()())))	1
((()()(()((())))))	1
()(()((()((())))))	1
()((((()(())))))	1
()(()()()(()()()()(()(()()))))	1
((()()()()()))	1
(((()()()()()())))	1
()()(()((((())))))	1
(((((((())))))))	1
((((()()(()())))))	1
()(()()((()())))	1
(()(()()()()(()()(()))))	1
(()(((()(((((()())))))))))	1
(((((())))))	1
()()()()(()(()))	1
()()()(((())))	1
()()((((()()()))))	1
(()()((()()()()()()((()(()))))))	1
()(()((()())))	1
(()(()()(())))	1
()((((()()))))	1
(()(((()()((()))))))	1
()(()(()()()()()()))	1
(()()()()(((()))))	1
(()(((()()))))	1
(()(()(())))	1
()(()((()(()))))	1
(()()((()()()())))	1
(((()()()((())))))	1
((((()(((())))))))	1
()()()()()(()())	1
()()()((((()))))	1
(()((()((())))))	1
()(()()()((())))	1
()()((((()()()((((()()(())))))))))	1
()()((()((()(())))))	1
()((()(()()((())))))	1
()(()()(((()(()(()()(()())))))))	1
()()(((((())))))	1
(()((()(()((()()))))))	1
()()()()()()()	1
()(()(()((()()(()(()((()()()))))))))	1
(((()()(()))))	1
(()(()()()(()()()())))	1
()((()()((()()()))))	1
(()()(((()))))	1
()()()()(((()()()(()))))	1
(()(((((()))))))	1
((()(()(()(()())))))	1
()()()()()(())	1
()()((()(()(()()()))))	1
(()()((((())))))	1
(()()((()((()(()))))))	1
()((()(()(()))))	1
(()()((()())))	1
()(()()()(()()()))	1
(()((()(()(((())))))))	1
((((()(()()())))))	1
()()()()(()(()(((()(()()))))))	1
((()(((())))))	1
(()()(()()()()(()(()()(()()(()))))))	1
()(()((()((()()())))))	1
()()()((()))	1
(()()((()(()(()())))))	1
()()()(()()(()(())))	1
()()()()()((()))	1
((()()(((((((())))))))))	1
()(()()((())))	1
(()((()(((()))))))	1
()()()()()()()()()	1
((()(()()()(()(())))))	1
((()()(((())))))	1
(()(((()()()))))	1
()()()()((()()))	1
(()()(()()))	1
(((((()())))))	1
((((()((()))))))	1
(()()()((())))	1
(()(()((()))))	1
(((((()()())))))	1
()()(()(()(((())))))	1
()()()(()())	1
()()()(()(((()()(()())))))	1
(()((()(()(())))))	1
()()()()()((()()))	1
()()((()(()())))	1
()()()()()((()()()(((())))))	1
(((((()(((()))))))))	1
()(()()()()())	1
()(()()(()()()()(())))	1
()()(()(()()()()()()(()(()(())))))	1
((()()()()()()))	1
()()()((((()()))))	1
(()()((()(()(())))))	1
((()((()()))))	1
()()(()()(()))	1
()((()()(())))	1
()(((()((())))))	1
()()(((()()())))	1
()((()()(()((()())))))	1
(()()()((()((())))))	1
(()(()()()(()(()()))))	1
()()()()((((()))))	1
