()	1660
(())	590
()()	524
(()())	189
((()))	178
()()()	167
()(())	162
(((())))	71
()(()())	68
(()(()))	67
((()()))	65
(()()())	60
()()()()	59
()()(())	58
()((()))	58
(()(()()))	30
()(()(()))	27
(()((())))	26
(()()(()))	25
()()((()))	24
()()(()())	23
((()()()))	20
((((()))))	18
()()()()()	18
(((()())))	18
()()()(())	18
(()()()())	18
()(((())))	18
()(()()())	16
((()(())))	15
()((()()))	14
()()(()()())	12
()(()(()()))	12
(((()(()))))	11
()(()()()())	11
((()((()))))	10
((()(()())))	10
(()()((())))	10
((()()()()))	9
()(()()(()))	9
()()()()(())	9
((()()(())))	9
((((()()))))	9
(()((()())))	8
(()()()()())	8
(((()()())))	8
()(((()())))	7
()(()()((())))	7
()()()(()())	7
()()((()()))	7
()(()(()()()))	6
(()(((()))))	6
()(()((())))	6
(((((())))))	6
()()()()()()	5
(()(()()()))	5
()()(()(()))	5
()((()()()))	5
()()(((())))	5
()()()((()))	5
(()(()(())))	5
()((()(())))	5
()(()(()(())))	4
(()(()((()))))	4
()()((()(())))	4
()()(()()()())	4
()((()((()))))	4
()((()()(())))	4
((()()()()()))	4
()()()(()()())	4
(()((((())))))	4
()()()()((()))	3
(()((()(()))))	3
()(((()(()))))	3
()((((()))))	3
(((()()(()))))	3
()((()()()()))	3
((((()(())))))	3
(()()(()()))	3
(()(()()()()))	3
(((()()(()()))))	3
()()(()(()(())))	3
(((()(()()))))	3
((()(()()(()))))	3
()()()()(()())	3
((()()((()()))))	3
()()((()(()())))	3
()(()()()()())	3
(()()()(()))	3
(((((()())))))	3
()()((((()))))	3
(()()()(()()))	3
((()(((())))))	3
(()((()()())))	3
(()(((()()))))	2
((()()()((()))))	2
(()(()()(())))	2
(()((()()(()()(())))))	2
()(()()(()()()()))	2
(()(()()()(())))	2
()((()(()()())))	2
(()()(()()((()))))	2
((()(()(()))))	2
(()()(((()))))	2
(()()(()(()()())))	2
()()((()()()))	2
()()(()((())))	2
()()(()(()()))	2
()()()((()()))	2
()()()()(()()())	2
(()()((()())))	2
(((((()(()))))))	2
(((()((())))))	2
()(()(((()()))))	2
((()()()(())))	2
()((((()(())))))	2
(()(()(()())))	2
(((()()()())))	2
()()()()()()()	2
((()(()()()()())))	2
()(((()((())))))	2
()()(((()()())))	2
(((()(()(())))))	2
(()()(()(())))	2
()()()(()(()(())))	2
()(()(()()()()))	2
()(((((())))))	2
()((((()()))))	2
()(((()()(((()))))))	2
()((()(()(()))))	2
()(()()()(()))	2
()()()()((()(()())))	2
(()()(()()()))	2
(()()()((())))	2
((()()()()()(())))	2
()()()((()(()()())))	2
()()()()(()((()()())))	2
()((()()(()())))	2
()()(()()(()))	2
((()()()(()())))	2
()(()(()(()())))	1
(()()(()()((()()()()()))))	1
()(()(((()))))	1
()()(()((()(()))))	1
((((()()()))))	1
()((()(((())))))	1
((()(()()(()()))))	1
(()((()(()()))))	1
()()()((()()(()(((((()))))))))	1
((()()()()(()((((((()()()())))))))))	1
(()(((()()((()()()))))))	1
()(()((()((())))))	1
(()()(()()()((()))))	1
(((()()(()()(())))))	1
(((()(()()(((()((())))))))))	1
()()()((((()(((())))))))	1
((()(()(()()()))))	1
(()()()()()()(()()))	1
()(()((()(()()))))	1
(((((((())))))))	1
()(()(()()((()))))	1
(()(((()()(()(()()((()()()))))))))	1
(()((((()()(()))))))	1
((((()(()())))))	1
()(()()()(((()(())))))	1
(()()()(()(())))	1
((()((()((()(())))))))	1
(()(((()()()()))))	1
()()((()()()()))	1
()()()((((()))))	1
((()((()()(()(()(())))))))	1
()()(((()((()()(()))))))	1
(()()()()()(()()))	1
()(()()((()()(()))))	1
(()(()()()()(())))	1
()(()(()()()()((((()()))))))	1
()(()(()((()))))	1
(()(()()(()(()))))	1
()()(()(()(()()())))	1
()()()(()((()(((()()((()()()))))))))	1
((()((()(())))))	1
((((((((((()))))))))))	1
(()(()((((()(())))))))	1
()()()()()()((()()))	1
()((()()()(()()()())))	1
(()((()((()((()()())))))))	1
(()()()()((((())))))	1
()((()()()()()()()))	1
(((()(()(()(()()))))))	1
((()()((()()(()())))))	1
((()()(()()((()()()()())))))	1
((()()()()()()()))	1
()(((()()()(()()))))	1
()()()(()(()()))	1
(()(()(()(()()()))))	1
()(()()()()()()())	1
()()()()((()()()()))	1
()(()()()()((())))	1
()()()()(()((())))	1
((((()((()))))))	1
((()(()((())))))	1
()()(()((()((())))))	1
()(((((()()()()())))))	1
(()()(()()()()))	1
(()((((()())))))	1
()()(((((()())))))	1
()((()()((()))))	1
(()()()()()((()(()))))	1
()()()()((((()))))	1
(()()(()()(()()())))	1
()((()()(()(()))))	1
(()(()((()(((((())))))))))	1
(((()()(()(((()(()(()()((((()())))))))))))))	1
()()()((((((((()))))))))	1
()()(((()()(()()))))	1
((()(()()())))	1
((()()(((((())))))))	1
()(()()()(()()()))	1
()()(((((((()()())))))))	1
()()()(((())))	1
(()()(()((()))))	1
((()(((()()()()())))))	1
()()((()()(()()()(()(()(((()()()))))))))	1
((()(()(()()))))	1
()()()()()(()()())	1
()(()((()()())))	1
((()()(()()()()()())))	1
(()()()((()()()(()))))	1
(()()()((()()(()))))	1
(()()()()(((()))))	1
(()(()()(((()())))))	1
()()()(()(()))	1
((((((()()(())))))))	1
(()((()()()())))	1
()()((((((()(()())))))))	1
((()(()()()()()(()))))	1
(()()()()()(()()()))	1
()(((()()()())))	1
(()(((()((()(())))))))	1
()((()()(((()())))))	1
(()()()()((())))	1
()()((()(()()(()()))))	1
(()()(((()()(()(()(())))))))	1
(()(((((()))))))	1
()()()()()()(()()())	1
(()()(()((()(()())))))	1
(()()()(((()))))	1
((((()((()()(()())))))))	1
()(((()((()())))))	1
(()(()(((())))))	1
((()()((()((((()(()()()((())))))))))))	1
()(()(()()()()()))	1
((()()(()((((())))))))	1
(()()()(()()()))	1
(((()(()()(()()()()())))))	1
(()()((()(()))))	1
((()()(((()((()()(()()()))))))))	1
(()()(()()(())))	1
((()()()()()(()()())))	1
()()((()(((()(((()))))))))	1
()()()()()()()()	1
()()(()(((()(())))))	1
()(((()((()(()()()(()(()))))))))	1
(()()()()()()()()(()))	1
()()(()()()((())))	1
()()((()((()))))	1
(((()()((())))))	1
()()(()(((()()))))	1
()()(()(()()()((()))))	1
(()()()()(()))	1
(()()((()()())))	1
()(()(((((()()))))))	1
()(()(()((()()(()()())))))	1
((()()((((((()(()())))))))))	1
(()()()()()()(((()()()()()))))	1
()(((((()())))))	1
(()()()()()()())	1
()((()(()()()()(()()()))))	1
()((()()()()()(())))	1
((()(((()()())))))	1
()(((()((((())))))))	1
()((((()(()())))))	1
((((((()(()(()))))))))	1
()(((((()()(()((()))))))))	1
(((()(((()()(()(()()()))))))))	1
()()((()()()((()()))))	1
(()(()(((()())))))	1
()()()()()()()(()())	1
(()((()()()()((((()())))))))	1
(()()()((()())))	1
(()()(((()()()))))	1
()()(((()()((((())))))))	1
()(()()(()()))	1
(()()()(((()()()))))	1
()((()((((((()()))))))))	1
()(((()()()()()()())))	1
()(()(()((()()))))	1
(((()(()((()))))))	1
(()()()()()((()())))	1
(()(()()()()()))	1
()()(((((())))))	1
((()(()()((()(()))))))	1
()(()()(()((()))))	1
((()(((()(()))))))	1
()()(()()()()()((()()()())))	1
()()(()(((()))))	1
(()()(()()()(()(()()))))	1
(((()()((()()()())))))	1
(((()()(()()()(())))))	1
()()()()((()((()))))	1
()()()((((()()))))	1
(()(((((()(())))))))	1
()()((((()()(()((())))))))	1
()(()(()((((()()()()(()(()()))))))))	1
()(((()()())))	1
()((()(()()()())))	1
((((()(()()()()()()())))))	1
()((()()()()()((()))))	1
((()((()()()(()(()))))))	1
()(((()((()(()))))))	1
(()()()()(((()(((()()()()()()())))))))	1
((()()()((()()()))))	1
()()(((()(()))))	1
((()()(((())))))	1
((()()(()()())))	1
(()(((()()()))))	1
(()(()()(()())))	1
((()()(()((()()(()(())))))))	1
((()((()(()((())))))))	1
()((()((((()))))))	1
((()()(()()()(()()(())))))	1
((()(()((()())))))	1
((()((()()()))))	1
((((((()()))))))	1
(((((()(()()))))))	1
()()(()()()()())	1
(()(()((()()))))	1
(((()(()(()((()())))))))	1
()(()()(()(()()())))	1
()()()()(()(()()))	1
()()(()()((((()()())))))	1
(()()()()(()()))	1
((((()()()(())))))	1
((()(((((()())))))))	1
()()()()()((((()()))))	1
(()()((()(((()))))))	1
()()((()()()()()))	1
()()((()(()()()(()()()()))))	1
(()()()()()()()(((()()(()(()))))))	1
()()()(()()((())))	1
()()(()((()())))	1
((()()((()))))	1
(()((()()(()))))	1
((()(()()(((()))))))	1
((((()()((()()()))))))	1
(((()(((()))))))	1
(()(()()((()))))	1
()(()((()(()((()()()))))))	1
()((()()(()()())))	1
(()((((((())))))))	1
(((()()()((())))))	1
(()((()(((()()()()))))))	1
()()()()()(()())	1
(()((()(((()()((()()()(()((()(()))))))))))))	1
()((((((()()()()(((()(()))))))))))	1
((()(()()((()())))))	1
()()((()(()()((())))))	1
()((()()((()()))))	1
((()(()()()())))	1
()((((()()()))))	1
()()()()()()(()(((()))))	1
()(()((()()()())))	1
((((()()(()(()))))))	1
()(()(((()()(())))))	1
(()(()()()((()))))	1
((()()((()()()))))	1
((()()(()(()))))	1
(()(()(()(()))))	1
()()(()()()()(()()()))	1
()(()(()((()((()()(()()()((())))))))))	1
()()((((()(()())))))	1
()()()(((()(()))))	1
((((()()(())))))	1
((()()((()()(((((()())))))))))	1
()()()(()()()(()()))	1
()(()()(()(()(()()()()(())))))	1
()(()(()()(()(((()(()()()()((()(()()()))))))))))	1
(()()()(((()()((((()))))))))	1
()()((()(((())))))	1
(()()()(()(()()()()(()(((((())))))))))	1
((()()((()()(()()((()()())))))))	1
()((()(()(((()()()()()(())))))))	1
(((()()(()((()))))))	1
()()()(((()())))	1
(()(()()((()()))))	1
(()(()()(((()()((()())))))))	1
()(()(((()(()())))))	1
()((()()()(()((())))))	1
(((()((()()()()())))))	1
()((()()()(())))	1
(()()()()()()(()))	1
((((((()()()(())))))))	1
