()	16856
()()	5548
(())	5462
()()()	1874
((()))	1838
(()())	1827
()(())	1818
()()()()	652
(((())))	641
(()(()))	639
()((()))	632
()()(())	628
((()()))	596
()(()())	595
(()()())	594
()()(()())	235
()((()()))	219
(()((())))	216
(()()()())	212
()(((())))	207
()(()(()))	204
()()((()))	203
(()()(()))	203
()(()()())	201
(()(()()))	201
()()()(())	198
((((()))))	196
(((()())))	193
((()(())))	190
((()()()))	181
()()()()()	178
((()()(())))	80
()((()()()))	79
(()()()(()))	78
()()()()(())	78
()()()()()()	77
(()()()()())	77
((((()()))))	76
(()()((())))	75
(()()(()()))	75
()()(()(()))	74
((()()()()))	73
()((()(())))	73
()()(((())))	72
()(((()())))	71
()()()(()())	71
(()((()())))	70
(((()(()))))	70
(()(()(())))	70
()()()((()))	68
((()(()())))	67
(((()()())))	67
(()(((()))))	65
((()((()))))	65
()(()((())))	65
()()((()()))	64
()(()()(()))	63
()(()()()())	62
()()(()()())	59
(((((())))))	59
()(()(()()))	55
()((((()))))	54
(()(()()()))	54
()()()(((())))	34
()(((((())))))	33
()((((()()))))	33
((()()()()()))	32
(((()()()())))	31
(()()(()(())))	30
((()(()(()))))	30
(()()(((()))))	29
()((()()(())))	29
()()()(()()())	29
()()()()()()()	28
((()()((()))))	27
()()((((()))))	27
(()((((())))))	26
(()((()(()))))	26
()()(()((())))	26
()()(()()()())	25
()((()(()())))	25
()()()()()(())	25
()(()(()(())))	25
()()(()(()()))	25
((((()()()))))	25
((((()(())))))	24
(((()((())))))	24
()((()((()))))	24
()(()()((())))	24
(()((()()())))	24
(()()(()()()))	24
(()()()()()())	24
((((((()))))))	24
()(((()(()))))	24
()()((()()()))	24
()()((()(())))	23
(((()(()()))))	23
(()(()()()()))	23
(()()((()())))	23
()((()()()()))	22
(()(()((()))))	22
()(()()()(()))	22
()(()(()()()))	22
(()()()((())))	22
(()()()(()()))	22
()()(()()(()))	22
(()()()()(()))	21
()(()()(()()))	21
()()()(()(()))	21
()()()((()()))	20
(((((()())))))	20
()(()(((()))))	20
()()()()(()())	20
(()(()()(())))	20
(()(((()()))))	19
((()((()()))))	19
(()(()(()())))	19
(((()()(()))))	18
()()(((()())))	18
((()(((())))))	18
((()()(()())))	17
(((()()((())))))	17
((()(()()())))	17
()()()()()(()())	17
()()()()((()))	16
((()()()(())))	16
()(()((()(()))))	15
()(()()()()())	14
()(((()()())))	14
()(()((()())))	13
()((((()()()))))	13
((()()((()()))))	13
()()(((((())))))	13
((((()(()())))))	12
()(()((()()())))	12
(()((()()(()))))	12
(()(()(()(()))))	12
()()()((((()))))	11
(()(()((()()))))	11
()((()()()(())))	11
()((()()(()())))	11
()()()(()((())))	11
()(()()(()()()))	11
(((((()()())))))	10
(((()()(()()))))	10
()()(()(((()))))	10
()()()(()()()())	10
()()()((()()()))	10
()(()(((()()))))	10
(()(()()((()))))	10
()(((((()(()))))))	9
(()(((((()))))))	9
()()(()(()()()))	9
((()(()()()())))	9
()()()(((()())))	9
(()()()(()(())))	9
()()()()(()()())	9
(((()(()()()))))	9
((()()()(()())))	9
()()(()()(()()))	9
((()()()((()))))	9
(()(()()()(())))	9
(()()()()()(()))	9
()((()((()()))))	9
()((()(()(()))))	9
()()()()()()(())	9
()((()()((()))))	9
(((()((()())))))	9
()()(()()()()())	9
()(((()()(()))))	9
()((((((()))))))	8
(()()((((())))))	8
()()(((()(()))))	8
()(()()()((())))	8
()(()()(()(())))	8
()(((((()()())))))	8
(()()()(((()()))))	8
(()()(()((()))))	8
(()((()()()())))	8
(()()()((()())))	8
(()((()((())))))	8
((()((((()))))))	8
(((()(()(())))))	8
(()()()()(()()))	8
()((()(()()())))	8
()(()(()()(())))	8
((()((()(())))))	8
(()((((()())))))	8
((()(((()())))))	8
(()(((()(())))))	7
()()(()(()(())))	7
(((((()(()))))))	7
(()()()()()()())	7
((((((()()))))))	7
((()()()()(())))	7
(()(()(()(()()))))	7
(()()((()(()))))	7
()()()()()()()()()	7
()((()()()()()))	7
()(((()((())))))	7
((((((()(())))))))	7
()((()(((())))))	7
()()((()(()())))	7
()()()()()()()()	7
()()(()()((())))	7
()()((((()()))))	7
((()()(()()())))	7
()(((()(()()))))	7
(()()(()()()()))	7
(()()()()((())))	7
()((()((()(())))))	6
(()()()(()()()()))	6
()()((()()(())))	6
()()()(()(()()))	6
((()(()(()()))))	6
(((()()()()())))	6
()(((((()())))))	6
(()(()()()()()))	6
(()(((()()()))))	6
()(()()((()(()))))	6
(((((((())))))))	6
()()()()(()((())))	6
(()()()(((()))))	6
(()()()(()()()))	6
(((()()()(()))))	6
()(()()()()()())	6
()()((()()()()))	6
((()((()()(())))))	6
()()()(()()(()))	6
()()()()()(()()())	6
()(()(()()()()))	6
()()(()((()()())))	6
()(()(()((()))))	6
()()()()((()()))	6
(()()(()(()())))	6
()()(()()()()()())	6
()()()((()((()))))	6
(()()(()()(())))	6
()()()()((((()))))	6
()((((()(())))))	6
(()(()()(()())))	6
()((()((((()))))))	6
()()(((()()())))	6
()(()()((()())))	6
()(()(()(()())))	5
()(()()()(()()))	5
(()((()(()()))))	5
((()()()()()()))	5
()(((()()()())))	5
(()(()(((())))))	5
()(()((((())))))	5
()()((()((()))))	5
(()()((()()())))	5
(((((()(()()))))))	5
(((()()(()()()))))	5
((()(()()(()))))	5
()()(()()()(()))	5
((()()()()()(())))	5
((((()()(())))))	5
((()()()(((())))))	5
(()()()()(()()()))	5
()(()()()()()()())	5
((((()((()))))))	5
(()(()(()()())))	5
()()()((()()()()))	5
()(((((((())))))))	5
()()()(()()()()())	5
((()()()()(()())))	5
()(()()(((()))))	5
(()(()()(()()())))	5
()((()()()()()()))	5
(((()((((())))))))	4
()(()((()(()()))))	4
()()()((()(()())))	4
()(()(()()()()()))	4
()((()(()(()()))))	4
()()()(()(()(())))	4
()()()()((()(())))	4
(()()(((()()))))	4
(()()()()(()(())))	4
((((()()()()))))	4
()()()()()(()(()))	4
()(()((()((())))))	4
()()(()(()()()()))	4
(()(()()()(()())))	4
()()()()()((()))	4
(()(()(((()())))))	4
(()(((()(()())))))	4
(()()()()()((())))	4
(()(()((()()()))))	4
(((()()(((()))))))	4
(()(((()((()))))))	4
()()(()((()(()))))	4
()()((((((()))))))	4
()(()()(()()()()))	4
((()(()()((())))))	4
()(()((((()())))))	4
(()(()((((()()))))))	4
()()(()()()(()()))	4
()(()()(((()()))))	4
((()(((()(()))))))	4
(()()(()(()(()))))	4
(()()((()(()()))))	4
(()()(((()(())))))	4
(()((()()((())))))	4
()(()(()(((())))))	4
()()()()(()(()))	4
(((()()()()(()))))	4
()(()()()(((()))))	4
((()()(()()()())))	4
(((()(()((()))))))	4
((()()(()(()))))	4
()(()()(()(()())))	4
(((()(((()()))))))	3
((()(()()(()()))))	3
()((((()((()))))))	3
((()(((((())))))))	3
(()()()(()()(())))	3
()(()(()()()(())))	3
()()()(()()()((())))	3
()()((((((()()))))))	3
((()((()()()()))))	3
(()(((()()((()))))))	3
((()()(((())))))	3
()(()((()()(()()))))	3
(()(((()(((())))))))	3
()(((()()()()()())))	3
((((()()()(())))))	3
()((()()()()(())))	3
((()()()(()(()))))	3
(((()()()(((()))))))	3
(()(()()()(((())))))	3
((()()()((()()))))	3
(()()()((()(()))))	3
()(()()()(()(())))	3
()()()(()()(()()))	3
(((()(()()()()()))))	3
()(()(((()()()))))	3
()(((()(()()()()()))))	3
((()()()()(()(()))))	3
(()()((((()())))))	3
((()(((()((())))))))	3
()(((()()((()()())))))	3
()()()()(()()(()()))	3
((()()((((()))))))	3
()((()((((()()))))))	3
()()()(((()()(()))))	3
(((()(()()()()))))	3
((()(()()()(()))))	3
(()()(()()()(())))	3
()()()()(()(()()))	3
((()()(()(()(())))))	3
((()((()((()))))))	3
(()((()(()()()))))	3
(((()(()()(())))))	3
()(((()(()()()))))	3
()((((()()()(())))))	3
(()((()((()(()))))))	3
()()()(((((())))))	3
((()(()((())))))	3
()()()((()(())))	3
()()(()()(((()))))	3
(()()(()(()()())))	3
(()((()()()(()()))))	3
()(((()()(()()))))	3
()((()()()(((())))))	3
(()()((()((())))))	3
(()((()()(()()))))	3
((()(()()(()()()))))	3
()()(()()()((())))	3
((()(((()()())))))	3
()(()(()(()(()))))	3
()()()(()((()())))	3
(()((()()()(()))))	3
(((((()((())))))))	3
()(()()()((()())))	3
()((()()()(()((())))))	3
()((()()((()((()))))))	3
()(()()(()()(())))	3
()(()()()(()((()))))	3
((((()()(()())))))	3
(()((()()((()())))))	3
((()()(()()(()))))	3
(()()()((((())))))	3
()((()()(()(()))))	3
()()()((()()(())))	3
()()((()((()()))))	3
(()(()()(((()())))))	3
((((()(()()()())))))	3
()(()()()()(()))	3
(((()((()(()))))))	3
()(((()((()())))))	3
(()()()()(()((()))))	3
(((((()()()())))))	3
()(()()()(()()()()))	3
()(((()()(()()()))))	3
((()((()()()))))	3
(((()(((()))))))	3
(()(()()((()()))))	3
()()()()(((())))	3
()((()(()()()()())))	3
((((((((()))))))))	3
(((((()()()()(()))))))	2
((()(()(()(())))))	2
()((((((()()(())))))))	2
()()(()()(((()()))))	2
((()((()(()()())))))	2
()(((()()()()())))	2
()()(()()(()((()))))	2
()((((((()()))))))	2
()()(()(()()()(())))	2
((()()(()(()()))))	2
()()()((()(()(()))))	2
()()(()()(()(()()())))	2
()((()()()(()())))	2
((()()()()()(()())))	2
()()((()(()(()()()))))	2
()()()()()()(()()())	2
((()()()()(((())))))	2
()()()(()()(()(())))	2
()()(((()(()(())))))	2
(((()((()()()())))))	2
()(()(((()(())))))	2
()(()()()((()(()))))	2
(()()()((((()())))))	2
()(()()()(()()(())))	2
(()()()()(()()(())))	2
()(()()(()(((())))))	2
()()((()()(()()()()())))	2
((()()(((()((())))))))	2
()()((()(()()()()())))	2
((((()((()()()))))))	2
()(((()(()(())))))	2
()()(()((((((())))))))	2
(((()((()((())))))))	2
()()()()()()((()))	2
((()(()()(()(()(()))))))	2
()()(()((()())))	2
((()()((()()()))))	2
((((()(()()())))))	2
()()()(((()(()))))	2
()(()(((((()))))))	2
(()(()()()()(())))	2
()(()(()()((()))))	2
()()(()(()()(())))	2
(()(()()(()(()))))	2
(((()(()(()())))))	2
(((()((()()())))))	2
()(()()()(()()()))	2
((()(((()()()()())))))	2
()()()()()()(()())	2
()()((((()()()()))))	2
()()(()(()(()())))	2
((((()(()((())))))))	2
((((()(((()())))))))	2
()()()()(()(((()))))	2
((()(()((()(()))))))	2
(()((()((((())))))))	2
()()(()((()(()()))))	2
()()((()()()((()()))))	2
(()(()()()()()()))	2
()()()()(()()(()))	2
(()()()()()()()()())	2
()()()()(()()()(()))	2
((((()(()(()()))))))	2
()((()(((()())))))	2
()()()((((()()))))	2
(()((()()(()()()))))	2
((((()()()()((()))))))	2
()()()(()()((((())))))	2
()()(()()()()(()))	2
()(((()()()(()))))	2
(()()(()(()(()()()))))	2
(()((()(()()(())))))	2
(()(((((()()))))))	2
()(()((()()()(()))))	2
()((()(()()(()))))	2
(()()()()()()(()))	2
()(()((()(((()))))))	2
()(()()(()()()(())))	2
()((()(()(()()()()))))	2
()(()()()()(()()))	2
()((()((()(()())))))	2
()(((()()()((())))))	2
()()((()()()(((())))))	2
()((()(()(()()()()(())))))	2
(()(()()()(()()())))	2
(()(((()(()()(()))))))	2
()()()()()()((()()))	2
(()()(()()((()))))	2
(()()(()()(()()())))	2
()()()()()()()()()()	2
(()()(()((()()))))	2
((()(()(((()))))))	2
(()()()()()()()())	2
()()()()()(()()()())	2
(()((((()(()))))))	2
()(()()((()(()()()))))	2
((()()((()(()())))))	2
()((()((()()()))))	2
(()()(((()((()()))))))	2
(((()((()(()()))))))	2
(()(()(()((())))))	2
((()()()()((()))))	2
()((()()()((()()()))))	2
((((()(((())))))))	2
((((()()(()()())))))	2
()()((()(()(()()))))	2
()()(()()((()())))	2
(()()(((((()()()(())))))))	2
(()()()()(()((()()))))	2
()()(((()()((())))))	2
(()()()(((()(())))))	2
(()()(()()()()()))	2
(((()()()((())))))	2
()()((()()((()))))	2
(((((()(()(()())))))))	2
()(()(()()()((()()()))))	2
(()()((((()(()))))))	2
((()((()()()(())))))	2
()(()((()()()())))	2
()()(((()()(((()))))))	2
()((()(()()((())))))	2
(((()()((((((())))))))))	2
()(((()()(()(())))))	2
()()()(()(((()()))))	2
(()()(()()()((()))))	2
((()(()(()()()))))	2
(()((((()()(()))))))	2
((()()()()()()()))	2
(()()()()((()(()))))	2
(()()()()((((())))))	2
((()()(()((()(()(())))))))	2
()((()()()()()()()))	2
()()(()((((()()())))))	2
(()(((()()(())))))	2
()(()()()(((()()))))	2
((((((()()()()))))))	2
()()((((()()()))))	2
(()(()(((()(()))))))	2
((()()()()()()(())))	2
(()()((((((())))))))	2
(()(()((()()((()))))))	2
((()(()(()()()()))))	2
(()((((()()())))))	2
()((()()()()()(())))	2
((((((((()()))))))))	2
(()(()(()()(()()))))	2
((()(((()()(()))))))	2
(()()((()()()())))	2
(()(()()()()()()()))	2
(()((()(((()))))))	2
((((()(()(()))))))	2
()()()()()()()()()()()	2
(()((()(((()(())))))))	2
()(((()((()(()))))))	2
(()((()()()()())))	2
()((()()()((()))))	2
()(()()(()((()()))))	2
()()()()(()()()()())	2
()(()((((()(()))))))	2
()()()((()()(()()())))	2
((()(()()()()())))	2
()((()()((()()()))))	2
((()(()((()())))))	2
()(()()(((((()))))))	2
()(((()()((())))))	2
(()()((()(((()))))))	2
()()((()()()()()))	2
(()(((((()(())))))))	2
()()((()(()(()))))	2
((()()()((((()()()))))))	2
()()(((()(()()))))	2
(((()()(()((()))))))	2
()()()()()((()()))	2
(()()(()(((())))))	2
()(()()((((())))))	2
(((((()((()())))))))	2
(()(()(()()()()(()))))	1
(()()(((()()(((((())))))))))	1
()()((()(()((())))))	1
((()(((()()()(()))))))	1
(((()((()()()(()()))))))	1
((((()()()()(())))))	1
(()()((()()(((()))))))	1
((()(()(()(()(()))))))	1
()()(()()()(()(()()(()))))	1
(()(()(((()(()()()))))))	1
(((()(()()()()(((())))))))	1
()()()()((()()()()()()))	1
(((()(()((((()(()())))))))))	1
((()()()()((()()()))))	1
()((((((((((()()))))))))))	1
((()()(((()())))))	1
(()()()((((((()(()()))))))))	1
()(()()()((()()()()())))	1
()()()(((((()()()(((()))))))))	1
(()()(()()((((()))))))	1
(()((()()()()()()(()))))	1
()()(()(()(()()(()))))	1
()()(()()()(()()()(())))	1
((((()()((()(())))))))	1
()()()()((()()()(()((())))))	1
()((()()(((((())))))))	1
(()()((((()()()((()()(((()))))))))))	1
()(()(()(()((()()(()((()(()()())))))))))	1
()()(((()()(()))))	1
((()((()()()(()())))))	1
()((()(()((())))))	1
((()()((()(((((()(()()(()())))))))))))	1
()(((()(((()(()()(()(())))))))))	1
()(()(((()(()()(()))))))	1
()()(()()()()((((()((())))))))	1
()((((()((()()(()())))))))	1
(((()(()()(()()()((())))))))	1
()()(()((((())))))	1
((()(()()(()()()(())))))	1
(()()()()(((()((()(()((()())))))))))	1
(()(()()()()()(())))	1
()()()()()()((()(())))	1
()(((()()()(()()))))	1
((()()((((((()))))))))	1
(((()()(()(()()())))))	1
()()(()()()()(()()()()(())))	1
()()()()((()()()()))	1
(()()()((((((()()()(()))))))))	1
(()()()()()()((((()()(()))))))	1
(()()((((((()())))))))	1
()()()((()(((()(()))))))	1
()(()((()()()()()()())))	1
(((()()(()()()()()(()(()()))))))	1
()()()((()()()(()())))	1
()()()((()(()()(()(())))))	1
(()()(()()()()(())))	1
()(()(()(((()(()()(()())))))))	1
(()(()(()()()()(()(((())))))))	1
()()(()((()()(()()()()()()))))	1
(((((()()((())))))))	1
()()(()()()()()()()()((()()()((())))))	1
()()(()(((()(()())))))	1
(((((()((()()(()))))))))	1
()(((((()()()(()))))))	1
()()()(((()(()()(())))))	1
()()(()()(((()(())))))	1
()(()()((()(()()()(()(((()()))))))))	1
()()()(((()()()(()(()())))))	1
(()(()(()(()()()()))))	1
(()(()()()()()()(((()(()()))))))	1
()()(((()((()(()(())))))))	1
(()()()(()((()))))	1
()(()(()()()()((()(())))))	1
()(()(()(()()(()()))))	1
((()()()((()()()))))	1
(()(()(()((()(()()()))))))	1
()()()()()()()()((()()(())))	1
()(()()((()()((())))))	1
()()((()((()()(())))))	1
()(()()()()()()((()(()))))	1
((()()((()((()()()()()))))))	1
(((()((((()())))))))	1
()()()((()(()()(()))))	1
()((((((()()()()))))))	1
()()()(()()(()(()()(()()))))	1
(()(()()(()(()((()()(())))))))	1
(()((()((()(()()()()()(())))))))	1
(()()((()()(()(())))))	1
((()()(()(()(((())))))))	1
((()(()()()()()(()))))	1
((()()((()()()()))))	1
()(()((((()(()(())))))))	1
(((()()((()())))))	1
(()()()()()((((())))))	1
((()(()((((())))))))	1
()()(()()(()(((()(()))))))	1
()(()((((()()()(()()))))))	1
()()(((()()((()())))))	1
((()(()(()()()(((())))))))	1
((()()()(()(()()(()())))))	1
(()(()()((()()()(()()(((()))))))))	1
(()(()(()(()()()()(((()())))))))	1
()((((((()()((()()))))))))	1
(()((()()(()(())))))	1
()()()()()(()(()(())))	1
(()()()(()()(()(()))))	1
()()()(()()(()(()(()()))))	1
()((()()()(((()())))))	1
()((()()()(((()(()((()()()))))))))	1
()((()((()((()()(())))))))	1
((()()((((((((()))))))))))	1
(()()()()()()(((()(())))))	1
()()()(()()()()()(()()))	1
(()(((()((()()(())))))))	1
()()()(()((()(()((()))))))	1
(()(((()((()()()))))))	1
(()((((()(()(()())))))))	1
((()()()()((()()()()((()))))))	1
()()()()(()(((((()()))))))	1
(()()()()()((()(()()()))))	1
()()(()()()(()()()()()))	1
()()()()()()(((()(()))))	1
()()()(()(()(()(()))))	1
()(()()(()()()()(((()()(()()()(())))))))	1
()()((()(((((((())))))))))	1
()()((()((((()))))))	1
()()(()(((()()))))	1
(()()((()(()()((()()(())))))))	1
(()(((((()()(())))))))	1
((()((((()(()())))))))	1
(()(((()(()()(()(())))))))	1
()(((()()()()(((()()))))))	1
(((()()(((((()()))))))))	1
()()(((()()()())))	1
()(()()(()()((()()))))	1
()(()(()()()(()()())))	1
()(((()()()()()(()()(())))))	1
()()((()(()()()(()))))	1
()((()()((((()))))))	1
()()((()()((()()(()(()))))))	1
()()((()()()(((()()((((())))))))))	1
()(((()(()()()()()(()())))))	1
()(()((((()((())))))))	1
((((()()(()()((()(()))))))))	1
(()()()((()()((()()())))))	1
((((((()()(()(()))))))))	1
((()(()()()(()()()()))))	1
()()(()()()(()()()()((((()()))))))	1
(()((()((()((())))))))	1
()(()(()()()()(())))	1
()()()((()()((()()()()))))	1
()()(((()(((((((()()))))))))))	1
()()((((()(()()())))))	1
(()()()()(()()()((()()))))	1
((()()((()()(()()())))))	1
(()(()()()(()()()())))	1
(()()()()()(()(()(()))))	1
(()((()()((((()()()(()))))))))	1
((()((()((((()))))))))	1
()()(()()(()()()))	1
((()(()()()((()())))))	1
()(((()()((((()())))))))	1
()()()()()((()()(()()(()))))	1
()((()((()((()()))))))	1
((((()((()((()))))))))	1
(()()((()()((()(()))))))	1
()(((()()((()()()((())))))))	1
()()()(()(()()()))	1
()()(()()()((()(((()()()()))))))	1
()()(()()()(()()()()))	1
()()()((((()(()())))))	1
()((()()()(()(((((((()))))))))))	1
((((()(()()((())))))))	1
()(()(()(()()()((()((())))))))	1
()((((()()()()))))	1
()(((()((()()(()))))))	1
()()(()((()()(()((()))))))	1
()(()()(((((()()(()())))))))	1
((()((()(()((())))))))	1
((()()(((()()(()()))))))	1
(()()((()()()()((((()())))))))	1
(()()((()(()((()()(())))))))	1
((((()()()()()()(()()()(()((()))))))))	1
()()(((()()(()()()((()))))))	1
()(()()()()()(()))	1
(()()()()(()()(()()((((())))))))	1
()()()((()((()()()((()))))))	1
()()(()()()()(()(())))	1
()()(()(((()()(()()(()))))))	1
(((()()()()()()(()((()()()))))))	1
(()(()((()(()())))))	1
(()(()((()()()(())))))	1
()()()()(()((()()()(()))))	1
()((()()()((()()))))	1
()()()()(()(()(((())))))	1
()()(()()(((()()()(()(()))))))	1
(()()()(()()(()()((()())))))	1
((()()()(()()()()()()())))	1
()(()(((()(()()())))))	1
()(()()(()(()()())))	1
()((()()(()(((()()))))))	1
()()(()()(()()((()(()(()))))))	1
((()()()(((()()()()(()))))))	1
()(()()()()(()()()()(()()())))	1
()(()((()(()()((()))))))	1
()((()(((()()()(()))))))	1
()(((()(()()()((()))))))	1
(()((()()()(((()))))))	1
()()(()()()()(((((()))))))	1
((((()()(()()()())))))	1
(()((()()(((()))))))	1
()(((()(()(()(()))))))	1
()()()()()(()(()(()(()()()()()()()()))))	1
()()((()()()(()(()))))	1
(()((((((())))))))	1
(()()()(()()(()()())))	1
(((((()(()()(())))))))	1
((()()(()((()())))))	1
()(()()()(()()(()())))	1
((((((()()(()()())))))))	1
((()()(()()((()()())))))	1
()()((((()((()()))))))	1
()()()((()()(()())))	1
()(((()(()()()()()()()()))))	1
((()(()(((()(())))))))	1
((((((()((((()()()))))))))))	1
(()(()()()((()))))	1
()(((()()()(()(()(()))))))	1
((()()((((()(()()())))))))	1
()(()(((((()(((()((()()())))))))))))	1
(()(()((()((()()(()(()()()()))))))))	1
()(()()((()(()()()()))))	1
(((()()()()(()()()))))	1
()()((((()(()())))))	1
()(()()()()()(((()))))	1
((()()((()()(((())))))))	1
()()()()()(()()(((((()))))))	1
(()((((()(()(()()()((())))))))))	1
()(()()(()(()()(()()()))))	1
()()((()()()()(())))	1
((((((()()()()((()()))))))))	1
()(()((()()()()()(()()((()))))))	1
()()()()()()()()((()()()))	1
(((()(()(((((())))))))))	1
()()()((()(()()())))	1
(()(()()(((((()(()()))))))))	1
()()()()()(()(()(((()())))))	1
()(((()(()()((()))))))	1
(()((()(()(((())))))))	1
()()()(()()((((()())))))	1
(()((()((()()()()()()()(()(((((())))))))))))	1
((()()(()(()()()()((()()))))))	1
()()()(()()()(()()))	1
()((()()()()()()(())))	1
()()()(()()()()()(()(())))	1
()(((()((()()()()()(()))))))	1
((((((((()(()())))))))))	1
(((((()(()(()()(()))))))))	1
(()()()(()()()()(())))	1
()()()()()()()()(()()())	1
()()(()()(()()(()()())))	1
()(()(()(()(((()()()()))))))	1
()((()(()((()())))))	1
()()((()((()()()()()))))	1
(((()()()(()()))))	1
()()(((((()()()(()(())))))))	1
((()(()()()()(()))))	1
(()()()()(((()()(()((((()(()(())))))))))))	1
((()()()()((()()))))	1
()()()((()()(()()(()))))	1
()(((()()()()((())))))	1
(((()()()(()()()))))	1
((()()(()()()(()()))))	1
()((()((()(()()()(()))))))	1
(((()(()((()((()))))))))	1
()()(()()()((((())))))	1
()(()(()()(()(()()()))))	1
(()()()(()((()()))))	1
()(()((()(()()()()(()()()())))))	1
(((((()(()(()()(()(()((((()()())))))))))))))	1
()()()((()()()()()))	1
()((()((((()()((()))))))))	1
()(()((((()()(((()))))))))	1
((()(((()(()(())))))))	1
(((((((()(()))))))))	1
()(((((()(()(()()()())))))))	1
()(((()(()(()((((())))))))))	1
()((()()((()((()((()()(()()())))))))))	1
()()(((((()()()(()))))))	1
()()(((()((()(()()))))))	1
((((()(()(((()))))))))	1
((()()()(()(()()))))	1
()((()(()(()(()()()())))))	1
(()()((()(()()((()(()())))))))	1
((()()((()((()))))))	1
()((()()(()()(((((()))))))))	1
()()(()(()()()()(()(((()))))))	1
()()()(()((()(()()))))	1
()()()()(()(()()(()()())))	1
()(((()((()()((()()())))))))	1
(()((()(((((()((()))))))))))	1
(()(()((()()()((()()()))))))	1
((()(()()()((((())))))))	1
()(()(()((((()()))))))	1
()(((()()()(((()))))))	1
()()()(()()((((()(()()()(())))))))	1
()()((()()()((((()))))))	1
(()()(()(((()())))))	1
((()()((()()(()(()))))))	1
(()()()()(()()(()())))	1
()()(()()()()()(()()()(())))	1
(((((((((()()()()()()()(()()))))))))))	1
((((((()()(()((())))))))))	1
(()(()(((()()()()()())))))	1
(((()(((()((()((()()()(())))))))))))	1
()()(()(()((()))))	1
(((()(()((((()(((())))))))))))	1
(()((()((()()())))))	1
()(()()()()((((())))))	1
()()(()()(()((()(()())))))	1
((()((()()()()()))))	1
((()((()(()(()))))))	1
(()()()((()((()())))))	1
(()()((((()(()(()()())))))))	1
(((()()((()()()()(()(())))))))	1
(((()()()(()()()((()))))))	1
((()()(()(((()(())))))))	1
()((((((()(())))))))	1
(()()(()((()()()))))	1
((()(()((()((()()()(()))))))))	1
()()(((()()()((()(()()()))))))	1
(()()()()(()()()()(()(()()))))	1
()()(()((((()())))))	1
()(()((((()(((()()()()()(()())))))))))	1
()()()()()()()()()()(((((()())))))	1
(()((((()((())))))))	1
(()()(()((()(())))))	1
(()()()()(((()))))	1
((()()(()(((((()))))))))	1
((()((()()((()(()()(()()(())))))))))	1
()()(()()(()()(())))	1
((()(((()((()(()))))))))	1
()((((((()(()(()))))))))	1
()()((()((()((((()))))))))	1
(()()()(()(((())))))	1
(()((()()((((())))))))	1
()()((()()(()(()()()))))	1
((((((()(()())))))))	1
(((()((()()(()))))))	1
()()(((()((()((())))))))	1
(((()(()()(()((())))))))	1
((()(()()()((()()()())))))	1
()()(()((()(((((()(())))))))))	1
()()(()()()((()(()((()()()()()()()()(())))))))	1
()()()(()()()()()()())	1
(()()()(()(()()())))	1
()(()()()()()()()())	1
()(()(()()((((((()()))))))))	1
((((()((()()))))))	1
(()((()(((()(()((()(()(((((())))))))))))))))	1
((()()(((()()(()))))))	1
()(()()()()(()()()))	1
(()()(((((()()()()()))))))	1
(()(()((()((((()))))))))	1
((()(((()()()())))))	1
((((()()(()()()(()))))))	1
((()(()(((()()()(())))))))	1
()(()((()(()()()(()())))))	1
(()((()()()((((()(()((()))))))))))	1
(()()((()(((()((()()))))))))	1
()()(()(()()()(()()()())))	1
(()()(((()()((()))))))	1
()((()(()()(()(()()())))))	1
()(()((()()()()(()))))	1
()()()(((()()()(()))))	1
()((()()()()((()()(())))))	1
((()()(()((()(()()))))))	1
()(((()(()(()()()()(()))))))	1
()((()()()()(((((((((()()((())))))))))))))	1
()((()(((((()(()))))))))	1
()()(()((((()()((()())))))))	1
(((((()()(()(()())))))))	1
(()()()(()()((()()()()))))	1
((()()(()()()()(()))))	1
()(()((()(()(())))))	1
(()((()(()(()(((()))))))))	1
(()()()(()()()(()())))	1
()(()()((()()()()()(()))))	1
()(((()()()(((()()))))))	1
(((()()(((((()))))))))	1
()()()()((((()()))))	1
()()(()(()()()()()(())))	1
()()()(()(()()(())))	1
()()()(()()()((()())))	1
()(((()()()(()(())))))	1
()(()()(()()((()))))	1
(()()()(()()((()))))	1
(()()((((()()(()(((()()(()()()(()(()))))))))))))	1
()(()()(()(((()((())))))))	1
()(()(()()(()((())))))	1
(((()(()()()(()())))))	1
()()()(()()(((()))))	1
()()((()((()(((()()())))))))	1
(()(((()()((((()()))))))))	1
()()()()(()(((((()))))))	1
()()()()()()()(()())	1
(((()((()((()())))))))	1
(()((()()(()((()((()(())))))))))	1
(()((()()()()(((()()))))))	1
()()(()()()(()(())))	1
(()(()()(()()()()()((()((()((()())))))))))	1
(()()(((()()(()(()))))))	1
(((((((()()()()(()))))))))	1
()(()()()()()(()(())))	1
((()(()()((()(()))))))	1
(()()((()(()()(((()()((((())))))))))))	1
()()(()(()()((()))))	1
()()()()((((()()()))))	1
((()()()(((()()(()))))))	1
()(()()()(()()()((()))))	1
(()()()()()((()())))	1
(()((()(()((()()()(()())))))))	1
(()()(()((()((()(()(()))))))))	1
()()()(((()((()())))))	1
((()()()(((()(()()(())))))))	1
()()()()(((()())))	1
()((()()(()()((())))))	1
()()()()()()((()(()()()()(()))))	1
()(((()()(((()()))))))	1
(()(()(()((()()()(()))))))	1
(()((()(()()()()))))	1
()(()(()(()()((((())))))))	1
(((()()()(()()((()()))))))	1
((()(()()()(()()()))))	1
((()()(()(()()()()))))	1
()()((()()(()((())))))	1
()()(()()()(((()))))	1
()()()(((()(()()))))	1
(()(()()()(()(()))))	1
(()(()()()(()()((())))))	1
(((()()()()((()()(()()))))))	1
()()((()()(((()(((()()()()))))))))	1
()(()()()()(((()))))	1
()(()()()()(()()(())))	1
(()()()()((()())))	1
()()(()()()()(()()))	1
()((()()(()()((()())))))	1
()()(((((()((())))))))	1
()()()()()()()(()(((((()(())))))))	1
(()((()()()()()(()(())))))	1
(((()()()()()()())))	1
()()(()((()()()(()))))	1
((()()((((()()))))))	1
()()(()(()(()()()())))	1
(()((()((()())))))	1
()(()(((()((()))))))	1
()()(()(()((()()))))	1
(()()(((()()()(())))))	1
()()()()()()()(()()())	1
(((()()()()()()(()()))))	1
((()(()(((()((()))))))))	1
((()()()()(()()(()))))	1
()(()(()(()((())))))	1
(((()(()()(()())))))	1
()(()()(()((()()((()(()()())))))))	1
()(((()()(((()))))))	1
()((()(()((()()()()()()())))))	1
((((((()(()()()()()()()())))))))	1
()((()()(()()())))	1
()()((((()()(()()()()())))))	1
(((((()((()(()((()()(())))))))))))	1
(()()((()(()()()()))))	1
()(()()(((()(())))))	1
()()()((()()()((()()))))	1
()()(()()(()(())))	1
((()(()()((()())))))	1
()(()((()()()()()())))	1
(()(()()()((()(()())))))	1
(((()()()(()((()))))))	1
((()()()((((()()))))))	1
()()(((()(()()()()))))	1
()()()((((()()()))))	1
((((()(()()((()()())))))))	1
()()()()(((()()())))	1
()()()()((()()()))	1
(()()()()(()(()()())))	1
()()(()()()(((()()))))	1
(()(((()()()()()()()))))	1
(()(()()()()(()()((())))))	1
(()()((((()()())))))	1
()(()(()((()((()))))))	1
()()()()()()(((())))	1
()((()()(()(()(()(()()(()((())))))))))	1
(()()((()()()(()()()(()(()))))))	1
(()()(()()(((()())))))	1
((()((((()((()))))))))	1
()((()(((()(()()()))))))	1
()(()()((()(((()))))))	1
()(((((()(()()))))))	1
()()(()((((()()(()))))))	1
()()()((()()()(())))	1
(()()(()(()(()()))))	1
()()(()(()(()()()(()()))))	1
()()(()()()()()(()()))	1
()(()()(((()()()((()))))))	1
((()()()()()((()(()(()()()))))))	1
(()()()()()(()(()((((())))))))	1
(()()()((()()()()())))	1
()(()()(()(()()()(()(())))))	1
(((((((()()()())))))))	1
()((((()()(((())))))))	1
()()()(()(()(()()(()))))	1
(((((()()((()()()(()))))))))	1
((()()()()()()()(()(()()))))	1
()()((()((()()()))))	1
()()(()()(()()()()()))	1
()()((()()()(((()())))))	1
(((()()()(((()()()()))))))	1
(()()()((((()((()()()())))))))	1
((((((()(()()()(()))))))))	1
()(((((((()()(((()))))))))))	1
((()()()()()()(()())))	1
()()()()()(()()()()((((((()(()))))))))	1
(()()(()((()(()((()(()()))))))))	1
(()()((()(()()(())))))	1
()(((()()(()()(()()()(()))))))	1
(()(()(()()(()((()()((()))))))))	1
(()()((()((()(()()()()(((()()()())))))))))	1
()(((((()()(()()()()))))))	1
()((()(()()()(()((()))))))	1
()(()(()((()()(()(()(()()()())))))))	1
()((()((()(()()())))))	1
((((((()()()))))))	1
()()(()(()(((())))))	1
()()()()(((()(()(()((()()(()(())))))))))	1
()(()(()(()()())))	1
()(()(()((()(()((())))))))	1
(()()(()(((((()())))))))	1
(((()()((()()())))))	1
()()(()(()((()(()()())))))	1
(()()()()()(()()))	1
(()(()(((((()((())))))))))	1
()()()()((()((()))))	1
()(()(()()()()(()()())))	1
(()()()(()()()((()))))	1
()(()(()()((()()))))	1
(()(()(()(()()(())))))	1
(()()(()()((()(())))))	1
()(()(()()(()(()))))	1
()()()()(()()()())	1
((()()(()((()()())))))	1
(()(()(()()(()()()))))	1
()()()()(()()(()()()()()()))	1
((()((()((()()()))))))	1
()()()()()(((()((()()(()))))))	1
()((()(((()(()))))))	1
(((()()((()(()))))))	1
(()()(((()(()()())))))	1
()()((((()(()()(()))))))	1
(()(((()()(()(()))))))	1
()()(()()()(()(()()(()(())))))	1
()()((((()()()()((()()))))))	1
((()((()()()(()()())))))	1
()((()()(((((()())))))))	1
()()()((()()(()(()(())))))	1
(()(((()()()()()(())))))	1
()((()()()(((()((())))))))	1
()(((()(((()))))))	1
()()(((()()()()()(()()))))	1
()(()(()(((()(((()))))))))	1
()((((((()((()))))))))	1
(((()(()()(()(()(()())))))))	1
(()()()((()()()()(((()))))))	1
((()()(()(()(()(()()))))))	1
(()()(((()(()(()))))))	1
(()()()()()(()()((()))))	1
()((()(()()((()()())))))	1
()()(((((()())))))	1
((()()(()(()()()))))	1
(()()()()()((()(()))))	1
()(((()(()()(()())))))	1
(()()(()(()(()()()((()))))))	1
(()()((()()()()(()))))	1
()((((()()()()()))))	1
()((()()()()((()))))	1
((()()(((((())))))))	1
()(()(((((()()()(())))))))	1
()()(((((((()()())))))))	1
((((((((()((()))))))))))	1
()(()()()(()()((()))))	1
()()()()()()(()(()))	1
()()(()()((()()(()()()()(()(()(())))))))	1
(((()(()(()(()))))))	1
()(()()()()(()(())))	1
((()()(()()()()()())))	1
(((((()(()(((((((())))))))))))))	1
((((((()(()()())))))))	1
(()()()((()()(()))))	1
()()(()()()()()()())	1
((()()((()()()(()())))))	1
()()()()(()(()((()))))	1
()((()((((()()(())))))))	1
()((((()(()((())))))))	1
()((()((()()((()()))))))	1
(((((()()(()))))))	1
()()(()(()()()()((()()))))	1
(()(()()((((()()()))))))	1
((()()((()(())))))	1
((()()()()()()(((()()()())))))	1
()(()()(()()()(()((()(((()))))))))	1
(()((((((()()()((())))))))))	1
()(()((((((())))))))	1
()(((()(()()(((())))))))	1
(((()()(()()((()(()()())))))))	1
(((()()()()(()(()())))))	1
()(()()()()()(((()()((((()))))))))	1
(()(((()()()()(()(()))))))	1
()()()()()(((()())))	1
((()()()(()()(()))))	1
()(((((()((((())))))))))	1
((()()()()((()(()(()))))))	1
()((()(()()()((()())))))	1
()()(()()()((((()(()()))))))	1
()(()()(()()(()(()((()))))))	1
(()(((()()()()()))))	1
()(((((((((())))))))))	1
()()()(()()()()()())	1
((()((((()(())))))))	1
()(((((()(()()(()())))))))	1
(()(()((()()()((()()(())))))))	1
(((()((((((()())))))))))	1
((()(()(()()(())))))	1
()()()(()(()()(()())))	1
(((()(()()()()(()()())))))	1
(()((((()()()(()((()()(()(()()))))))))))	1
()(()(((()((()(())))))))	1
()()(()((((()(()()()(())))))))	1
(()()()((()((())))))	1
(()((()()()()(()(())))))	1
(()()()()()()()()(()))	1
()(()()((((()()())))))	1
((((()()()(()(()))))))	1
()(()()(()()()((()))))	1
((((()(()()(()))))))	1
((()()()()()((()()))))	1
(()(()(()(()()((()()()))))))	1
((()()(()((())))))	1
()(((()(()(((()()())))))))	1
()(()(((((()(()()(()))))))))	1
(()((()(()((((()()))))))))	1
(()(()(()()((()()())))))	1
(()()()()()(()(()())))	1
()()(()()()()(()((()))))	1
()(()()()()()()((()())))	1
()((((()(()())))))	1
((((((()(()(()))))))))	1
()(((()((()()(()()()((((()()))))))))))	1
(()((()(((((()))))))))	1
()((()()()()(()())))	1
((()((()((()(()(()))))))))	1
(()(()()()()()()(()(((()))))))	1
((((()()(((()()())))))))	1
(()(()()()(((((())))))))	1
(((((()()()(()()))))))	1
(()()(()()(()())))	1
()(()()(()(()()(()(())))))	1
((()()()(()(()(()()(()))))))	1
()(()(()((()()))))	1
()()((()()(()()(()))))	1
()(((()(()()(()((((()())))))))))	1
(()()()(()()((()()()))))	1
()()(((((()(()(())))))))	1
()(((()()()((()())))))	1
()(()()(()((()))))	1
()()()((()(()(()((()))))))	1
()(()()((()()(()))))	1
(()(()(()()(()))))	1
((()()()()((()()(())))))	1
((((()((()()(())))))))	1
()((()(()()()(()()()()))))	1
()()()()(()(((()()()()((()((((()(()()(()()))))))))))))	1
(()(()((((((()(())))))))))	1
()((()(()(()(()()(((()))))))))	1
(()()((()(()()((()()(((())))))))))	1
(()()()()((()()())))	1
()(()()((((((()()()()(()(()()()(()))))))))))	1
()()(()()()(()(((()((()(()))))))))	1
(((()()(()(())))))	1
(()()(()()(((()()()())))))	1
(()()()(()()(()()()()()())))	1
()(((()(((()()))))))	1
(()()(((((()()))))))	1
()(()(()()()((()()()(())))))	1
((((((()((((((()(()())))))))))))))	1
((()()(()()((()(()))))))	1
()()()()()()()(()(()()))	1
(()()()()()()()()()()((())))	1
((()(((()((((()((())))))))))))	1
(()()()((()(((()))))))	1
(()()()((()()()())))	1
(((()()()()(()()))))	1
()(((((()()(()))))))	1
((()(()((()()(()()))))))	1
(()(()()(((()((()((()()()(()()()))))))))))	1
()(()()(()()(()()(()(())))))	1
()((()(()(()()(((()(()(()())))))))))	1
((()()((((()()(()(()))))))))	1
(((()((()()(()()()()))))))	1
(((()((()()(()()(())))))))	1
()()()()()(()()(()(((())))))	1
(((()(()((()()()))))))	1
()((()()((()((()()))))))	1
((()()(()(()(()()(()))))))	1
()()()(()()((())))	1
((()(((((()())))))))	1
(((()(()((()(()((()()((()((()((()(()))))))))))))))))	1
(()()(((()((()))))))	1
((()(()((()()(((()(()(()))))))))))	1
()()()((((()(())))))	1
(()()(()(()(((()))))))	1
()()()(((()((())))))	1
((()()(()()()(()(()()())))))	1
((((()()()((()))))))	1
()(((((()(()(())))))))	1
(((()()(()(((()()())))))))	1
(((()()()((()()()())))))	1
()()()()(()()((()())))	1
(((((()()(()((()()()()))))))))	1
((()(()(()((()()()))))))	1
()((()()((((((()()()()))))))))	1
(()((()(()(()()())))))	1
((((((((()((((()()()((((()))))))))))))))))	1
()(()()()()((())))	1
()()(()()((()()()(()()))))	1
(()()((()()()(()))))	1
(((()(()(()(()(())))))))	1
((()(()((()()()())))))	1
()()(()((()((((((())))))))))	1
()((()()()()()()()()()()()(()())))	1
()(()(((()()()()()()(())))))	1
(()()((((()()()(()))))))	1
()()()()(()(()()(())))	1
((()(()(()()()(()()(()))))))	1
((((()(()()()((()(()(())))))))))	1
(((()()()((()(((()))))))))	1
(()()()((()((()()(()()))))))	1
(((()()()((()(()((()))))))))	1
()()()()((()()(()(()()()(()(((()()()))))))))	1
(()()(((()()()(()()()(()()()))))))	1
()(()()()()()((())))	1
()(()(()(((()()())))))	1
()()(()(((()()()()()()))))	1
(()((()(()(()())))))	1
()()(()(()(()()((()((()(()))))))))	1
()()()()()(()((()(()))))	1
()(()((()(()()(())))))	1
((()(()((()()())))))	1
()()()(((()()()(()()()))))	1
()(()()(((((()()()()()))))))	1
()((()()(()()()((())))))	1
()()()()(()()(()((()((()))))))	1
()()()()()((()(((()())))))	1
((()(()()(()()()()((()()))))))	1
((()(((()()((())))))))	1
(()()()(()((()()((()))))))	1
()()((()()(()()())))	1
((()((()(((())))))))	1
()()()()()(()(()()()()(())))	1
()((()()()()()((((()))))))	1
()(()(()()()(()(()()()()))))	1
()()()(()()()(()(())))	1
()()()()()()()()(((((()(()()((()))))))))	1
(((()((()()()()())))))	1
()(()(()(()()()())))	1
(((((((()()(()))))))))	1
(()((()((((()((()()())))))))))	1
()()()(((()()()((()())))))	1
()()(((((()()()())))))	1
()((()()()(()(()(())))))	1
(((()()()(()()()()))))	1
()()()()((()((()(()())))))	1
()()()(()((()()()()())))	1
(()()(((()()(()()()()()())))))	1
()(()()(()((()((()(())))))))	1
()()(()((()()(()))))	1
(()()((()()()()())))	1
()(()()()()()(()()))	1
()()((()()(()())))	1
()()(()((()((()()((())))))))	1
(()()()(()((()()()()(())))))	1
(()(()(()((()(()(()()())))))))	1
()(((()()()()()(()(())))))	1
(()()((()()((((()())))))))	1
(()(()(()()()())))	1
()(()(()((()()()(())))))	1
()(()(()()((()()()()()()))))	1
()(((()()()()()(()(()()()())))))	1
()()(()(()()()(()((()()()((()())))))))	1
()()()()()((()()()()((()))))	1
((()()()(()()()()(((()))))))	1
()()()(((((()((()())))))))	1
()()()()()((((()))))	1
()(()((()()(()(()(((((()))))))))))	1
()((()(()()(()()()()(())))))	1
()(()()()()(()()()(()(()))))	1
((()()(()(()()()(())))))	1
()()()(()()((()())))	1
()(()(()()(()())))	1
(()(()((()((()(())))))))	1
(((()()()(()()(())))))	1
()()()((((()()(())))))	1
()()(()(((()()(()(()))))))	1
()(()(()()()()(((())))))	1
((()(()(()()()(()((())))))))	1
()()(()()()()()((()())))	1
(()(()(()(()(())))))	1
((()()((()()(())))))	1
(()()(()(()()(()))))	1
()()(((()()()(()()))))	1
(()()((()((((())))))))	1
(()((()(((()()))))))	1
()()()((((()(()()((())))))))	1
(()()()(((((()()()((((()(())))))))))))	1
()()(()()(((()()()))))	1
()()(((()()()()()()()(()()()))))	1
(((()()()(()(((()())))))))	1
(()(()()(()()()())))	1
()((()()(((())))))	1
((()()()(()(()(()())))))	1
(()()((((()(()()))))))	1
()(((()(()()(()(()))))))	1
()(()(()(()((()())))))	1
(()(()()()(()(()(())))))	1
()()(()((((()(()(())))))))	1
(((()((()(()()()))))))	1
()()(()(()()()(()(()((()((()(((()())))))))))))	1
()((()((((()(((()()(()))))))))))	1
()(()(()()()()()()))	1
(((((((()())))))))	1
(()()()((((()(()(())))))))	1
()(((((()(((()))))))))	1
(()(((()(()()()())))))	1
(((()(()()()((()()))))))	1
()()()()()()((()()()))	1
(()()(((()()(()())))))	1
()()(()()((()()())))	1
((()()()(((((()(()))))))))	1
()()(((()((())))))	1
(()((()((()(()(()())))))))	1
(()((((()()()())))))	1
(()(()((()(())))))	1
()((()()()(()()())))	1
(((((()()()()())))))	1
()()(((()(()()()))))	1
(()()()((()(()()()))))	1
()(()()((()((())))))	1
()((()(((()(()(())))))))	1
(()(()((((()(((()(()))))))))))	1
((()()((((()(())))))))	1
()()((()((()()()((()()()))))))	1
(((((((((())))))))))	1
()(()()((()()()())))	1
((()(()()()(()()))))	1
((()()(()()((())))))	1
(((()(((()(()()())))))))	1
()(((()(()()()()))))	1
(((()()(((()((()))))))))	1
()(()((((()()(()()))))))	1
(()(()((()((((()((()(())))))))))))	1
()()(()(((()(())))))	1
(()(()()()(()((()())))))	1
(((((()()(()()))))))	1
()(()()(()()(()())))	1
()()(((((()()()((()()()())))))))	1
(()()()((()()(()()))))	1
()()()()(()(()(()())))	1
()()(()()()((()()((())))))	1
()(((()()(()()((()(()()(()()))))))))	1
(()()(((()()()()(()()(()))))))	1
()()(()(()()()(()((()())))))	1
()((()()(()()()(()))))	1
()(()((()(()((()()))))))	1
()(()()((()()(((()()))))))	1
()((()((()()(()(()))))))	1
()(()()()(((()()()()))))	1
()(((()(()((()))))))	1
((((()(()((()())))))))	1
((((()()(()(()()))))))	1
(()()(()()(((()(()))))))	1
()()(((((()(()))))))	1
(()()((()(()()()()(()()())))))	1
()()()((()()()()()(()(()()))))	1
(()()()()()(((()(()()(()))))))	1
()()(((()((()())))))	1
(()((((()()((())))))))	1
()((()()(()(()()(((())))))))	1
()()(((()()()(()))))	1
((()()()((()(())))))	1
()()()()()()(()()(()))	1
((()()()()(((((()(()()))))))))	1
((((()()()()()(()((())))))))	1
()()((()()()(()())))	1
(((()()(((()()(()())))))))	1
()()()()(((()()()(()))))	1
(()(()()((()(())))))	1
((()(((()(()()))))))	1
()(()(()(()()(()((()))))))	1
()(()((()()(()(((())))))))	1
()((()()(((((()(()()))))))))	1
()(()(()()(()()()(()))))	1
()()((()(()()((()(()()))))))	1
(((()()()((()())))))	1
(()()(((((()(()())))))))	1
(((((()()()((()())))))))	1
((()(()()()(((()))))))	1
()()()()()(()()()()())	1
(()(()((()()(()()()()(()()))))))	1
()()(()(()((((((()()(()())))))))))	1
()((()()(()((())))))	1
()(()((()()((())))))	1
()()()((()((()()(()())))))	1
(()()(((()(((())))))))	1
(()()(()((()(()()(()))))))	1
((()(()()()()()(()(()())))))	1
(((()()()((()(((((()(()())))))))))))	1
(()(()()(()(()()()()((((()()))))))))	1
(()()()(()()(()())))	1
(()()(((()(((()(()()()))))))))	1
((()()()()()()()()))	1
()((()((()()(())))))	1
(()()((()(()(())))))	1
()()(()((()((()())))))	1
((((()()(((()()(()(()(()))))))))))	1
()(()()()(()(()(()))))	1
((()((()()((()))))))	1
()(((((()((((()(()()))))))))))	1
()()()(()()(()()()))	1
(()((()((()((((((())))))))))))	1
()()()(()((()()()(()((()))))))	1
()(((((()((()(()))))))))	1
(()(()()()()(()()())))	1
((()(()(()((()))))))	1
()((()()()()((()()))))	1
((((()(()()()(()()))))))	1
()()(()(()((()(((()()(()(())))))))))	1
()()()()()(()(()()(())))	1
(()()(()()()(((()())))))	1
(()()(()()()((()()()()((((()))))))))	1
(()(()(()(()()(()())))))	1
()(()(()()(()()(()()))))	1
(()()()(()()(((())))))	1
(()(()((()(()()()(()))))))	1
()(()()((()()())))	1
(()(()((((()(()((())))))))))	1
((((()()((()()()))))))	1
(()(()(((()(()()))))))	1
((((((()()()()()))))))	1
(()()(()()()()()(()((())))))	1
()()(()()((()(()))))	1
()(()()(()((()()()))))	1
()(((((((()(()()))))))))	1
(()(()()()((()()))))	1
()((()(((((())))))))	1
()(()()()(((()(()(()))))))	1
(()(()()()()((()))))	1
()((((()(()()(()))))))	1
()(()(((()(((()(((()()))))))))))	1
()()(()((()()()((()(((()))))))))	1
()()()()()()(()(((()))))	1
()()()()()(()((()())))	1
(((()()()()()())))	1
()(()(((()()(())))))	1
()()(()()(((()(()(()()))))))	1
(()()(()()()()()()()))	1
((()((()()(((())))))))	1
(((()(()()()(()()()())))))	1
((()(()()()((())))))	1
(((()((()()((()()()(()))))))))	1
(()(()(()(((()))))))	1
()((()()(((()(()))))))	1
()()(()((()()()((())))))	1
()((()()()()((()((()))))))	1
()()()((((()()()()))))	1
()((()(((()((()()())))))))	1
()(()(()((((()))))))	1
()(((((()()()())))))	1
()()((((()(())))))	1
()(((()()()(()()(((()()(((()()))))))))))	1
()()(()(()()((()()()))))	1
()()()()(()()()(()()()()()()()(())))	1
(()()()()(((()()))))	1
()((()((()(()(()()()))))))	1
(()()()(()()()(())))	1
