()	155
(())	66
()()	53
((()))	21
()()()	20
()(())	19
(()())	19
()((()))	13
(((())))	8
()()(())	6
()(()())	5
(()((())))	5
((()()))	5
(()()())	5
()()()()	4
((()(())))	4
(()(()))	4
()()((()))	3
((()()()))	3
()(((())))	3
(()()()())	3
()(()()()())	3
()()(()())	2
()((()(())))	2
((()()()()))	2
(((()())))	2
()(()(()))	2
(()(()(())))	2
()(()()())	2
(((()()())))	2
((()((()))))	2
(()()(()))	2
((((()))))	2
()()()(())	2
((()(()((()())))))	1
()(()((()())))	1
()(()()()()(()))	1
(((()(((()))))))	1
((()()(()(()(())))))	1
()(((()(()))))	1
(()((()(()))))	1
(()()()(()(())))	1
(()((()((()()()()(()))))))	1
()()(()(((()()))))	1
()()((()((()(())))))	1
()()(()()())	1
(()(((()()))))	1
((()()()(()()()()()((((()())))))))	1
()((((()()))))	1
(()(()(()())))	1
((()()(()())))	1
()()()()()	1
()(()()()()()())	1
(()()((()()())))	1
()()((((((()))))))	1
()(((()()()()()(()(((()()(()))))))))	1
()()(()((())))	1
()()(((())))	1
()(()()(()()))	1
((()((()()(((((((())))))))))))	1
()()()((((()))))	1
(()((()()()(((()(((()())))))))))	1
()()(()()()(()))	1
(()((()()()())))	1
()((()()))	1
(()()()()()()(()()))	1
((((()((((()))))))))	1
(()((()(((()()))))))	1
()()((((()))))	1
(()(((()))))	1
()()((()()))	1
((()()(())))	1
()()(()(()()(()(()))))	1
(((((())))))	1
()()()(()()(()()((()))))	1
((()(()())))	1
(()()()((())))	1
()(()(()()))	1
(()(((()(()())))))	1
(()(()()))	1
(()(()()()()))	1
()(()((())))	1
()(()(((()))))	1
