()	359
(())	120
()()	99
(()())	39
((()))	36
()(())	36
()()()	36
(()(()))	18
()()()()	15
(((())))	13
()(()())	13
()()(())	10
((()()))	10
(()()())	9
((()(())))	7
()()((()))	7
()(()()())	6
(()()(()))	6
()((()))	6
(((()())))	5
()()()()()	5
()(()(()))	5
()()(()())	4
(()(()()))	3
(()()()())	3
()((()()))	3
()()(((())))	3
((((()))))	3
((()()()()))	3
(()((())))	3
(()(((()))))	3
((()()()))	2
()()(()((()())))	2
()(()(()()))	2
()()()()(()(()))	2
()()()(())	2
()()(()()())	2
()(((())))	2
(((()(()))))	2
(()()(()()))	2
()(()()()()())	2
(()((((()())))))	2
((()(()())))	2
()(()((())))	2
(()((()(()))))	1
()()()()((()))	1
()(()(((()))))	1
((()()()()(()(()))))	1
()((()(((())))))	1
()()(()(()))	1
(()((()((()()()())))))	1
()(()()()()(()))	1
((()()()()(()()()(()))))	1
()()()(()(()(())))	1
()(()(()()(())))	1
((()(()(()((()))))))	1
()()()()()()	1
()(()(((()(())))))	1
()()(()(()(())))	1
(()()()()()()())	1
()()(()(()(()((()()())))))	1
()()()(()()((())))	1
()()()(()()())	1
(()()()(()))	1
((()(()(()()))))	1
()(()(()(())))	1
((()(()()(((()))))))	1
()()()()()()(()())	1
()((()()()))	1
(()()(()(((()(()))))))	1
()((((()()))))	1
()()(()()()()())	1
(()(()(())))	1
(()(()(()())))	1
(((()(()((()(())))))))	1
()()()()(()()(()(()())))	1
(()(()(()(()()))))	1
()()(()(()()(())))	1
()(((()())))	1
()()()(()((()(()))))	1
()(()()(()()))	1
()(()()()((())))	1
()()()()(()())	1
()()(()()()())	1
(()()()()())	1
()()(()(()()))	1
((()((()))))	1
(()()(()()()))	1
((((()()(()())))))	1
(()(()()()()()))	1
(()()()((())))	1
()()()()(((())))	1
()()()()()()()	1
(((((()((())))))))	1
()((((()()()))))	1
()()()((()(()())))	1
()(()((()()()())))	1
()()(((((()()())))))	1
(()()()()()())	1
()()(()(((()((()))))))	1
((()((()((()()()))))))	1
(((()()()())))	1
(()((((())))))	1
()()((()((()()()()()()))))	1
()()()()(())	1
(()()((()())))	1
(()(((()()(()())))))	1
()()((((()(()())))))	1
()()((()()))	1
((()()(())))	1
(()()()((((()()((()()()()())))))))	1
(((((())))))	1
()()()((()))	1
()((()()()()()))	1
()(()(()()()))	1
()(()(()()()()))	1
()((()(()()(()()))))	1
((()()()()()(()()()())))	1
((((()((()))))))	1
(()(()((()))))	1
((()()(()()((())))))	1
(((()((())))))	1
(()((()(((()()((()))))))))	1
(((()()())))	1
()(()()()())	1
()((()(())))	1
()()(()()(()))	1
(()(()()()))	1
()()(()()(()()))	1
()()()(()()((((())))))	1
