()	3234
()()	1163
(())	1147
(()())	397
()(())	384
()()()	374
((()))	361
(((())))	143
(()(()))	137
()()(())	131
(()()())	125
()(()())	125
()((()))	125
((()()))	111
()()()()	103
()()((()))	50
(()(()()))	48
()(()()())	47
()()()(())	45
(()()()())	44
()(((())))	44
()()(()())	43
(()()(()))	42
((()(())))	40
(((()())))	39
()()()()()	38
((((()))))	37
()((()()))	36
(()((())))	36
()(()(()))	35
((()()()))	32
()(()()()())	28
()((()()()))	19
()(()((())))	19
(()(()()()))	16
(()()()(()))	16
(()()()()())	16
()()()()(())	16
(((()(()))))	16
()()((()()))	16
()()()((()))	16
(()((()())))	15
()(((()())))	15
((()(()())))	15
()()(((())))	15
()((((()))))	15
()()(()(()))	14
(((()()())))	14
(()()((())))	14
((((()()))))	14
(()(((()))))	13
()()()(()())	13
()(()()(()))	13
(()()(()()))	12
(()(()(())))	12
(((((())))))	12
(()((((())))))	12
()()()()()()	11
((()()(())))	11
()(()(((()))))	10
((()((()))))	10
()()(()()())	10
()((()(())))	10
((()()()()))	9
()()()()()()()	8
()(((()()())))	7
((((()(())))))	7
(()()(()()()))	7
()()(()((())))	7
(((()((())))))	7
()()()(()()())	7
((()(((())))))	7
()()()()()(())	6
()(()(()(())))	6
(()(()()(())))	6
()((()()()()))	6
()()((()(())))	6
(()(()()()()))	6
()()()((()(())))	6
((()()(()())))	6
()()()((()()))	6
()()()()(()())	6
(()()()()(()))	6
((((((()))))))	6
((()(()(()))))	6
()()(()()(()))	6
(()((()(()))))	5
(()(()((()))))	5
()((()((()))))	5
(()()(((()))))	5
(()()((()())))	5
()(()()()()())	5
((()((()()))))	5
((()(()()()(()))))	5
(((((()())))))	5
()((()(()())))	5
((()()((()))))	5
(((()()(()))))	4
()(()(()()()))	4
()()()()()((()))	4
()()()(()(()))	4
(((()(()()))))	4
()()(()()()())	4
((()(()()(()))))	4
()(()()((())))	4
(((()(()(())))))	4
()(()(()()))	4
(((()()()())))	4
((()((()()()))))	4
()(((((())))))	4
()()(((()())))	4
(()((()()())))	4
((((()(()())))))	3
()(((()(()))))	3
(((()()(()()))))	3
((()(()()())))	3
()()()(((())))	3
()()(()(()()))	3
()(()()(()()()))	3
(()(()(((())))))	3
((()()()(())))	3
(((()()((())))))	3
(()()((()()())))	3
((()((()()()()))))	3
()()()()()()(())	3
()(()((()())))	3
()()(((((())))))	3
((((()()()))))	3
(()()(()(())))	3
((()()()()()))	3
(()((()((())))))	3
(()()()((())))	3
(()()()()()())	3
(()()()(()()))	3
((()()()()(())))	3
(((()(()()(())))))	3
()()((()()()))	3
(((()(((()()))))))	2
()()()()((()))	2
()(()()()()(()()))	2
()()(()()()(()()))	2
(()(((()()))))	2
()(()(()(()()())))	2
()()((()()()()))	2
()()()((((()))))	2
()(()()()((())))	2
()()(()(()()()))	2
((()(((((())))))))	2
((()()()((()))))	2
(()()()(()()()()))	2
((()((()()(())))))	2
((((()((()))))))	2
(()((((((()()())))))))	2
((()()()()()()))	2
(()()(()()()()))	2
()((()()(()(()))))	2
(()()(()(()())))	2
(()(()(()()())))	2
()()((()((()()))))	2
()(()()()()()())	2
()()(()()(((()))))	2
()()()()(()(()))	2
()()(()((((()())))))	2
(()()(()((()()))))	2
((()(((()())))))	2
()((()((()()(())))))	2
(()(()((()(())))))	2
((((()((()()))))))	2
()()()(()((())))	2
((()()((((()(())))))))	2
(()()()(()()()))	2
(()()((()(()))))	2
(()()(()()(())))	2
()(((((()())))))	2
()((((()(()())))))	2
(((()((()())))))	2
((()()(((()()())))))	2
(()(()()(()(((()(())))))))	2
(()(()(()())))	2
(()()()((()())))	2
(()(()()()()()()))	2
(()()(((()()()))))	2
()(()()(()()))	2
()()(()()()(()(())))	2
()()(()()((())))	2
(()(()()()()()))	2
()(()()()((((())))))	2
()((()((()()))))	2
(()()((()(()()()))))	2
((()()(((())))))	2
(((()()()(()))))	2
((()()(()(()()))))	2
()()()()(((()(()))))	2
()(((()(()()))))	2
()(((()((())))))	2
()(((()(()(())))))	2
()(()(()()()()))	2
(()((((((())))))))	2
(()(()(()(()()))))	2
()()((((()))))	2
()(()()()(()))	2
()((()()((()()))))	2
(()((()()(()))))	2
(()(()(()(()))))	2
((()()()(((()())))))	2
((()()()(()())))	2
()((()()()(())))	2
()(((()()(()))))	2
()()(()()(()()))	2
()(()(()(()())))	1
()()(()()()(()((()))))	1
()()(()()(()(()((()((())))))))	1
()((()()()()()(()()())))	1
()((((()((()))))))	1
(()((()()()()()())))	1
()(()()(((()()()))))	1
()((()(()()())))	1
()(()()()(((()()()))))	1
()()(()()()(()()()(()()(()()))))	1
()()()()()()(((((())))))	1
(((((((())))))))	1
()((((((((()(())))))))))	1
((((()()(()())))))	1
()((()(()()()(()(())))))	1
()(()(()()((()))))	1
()((()(()()(()(()())))))	1
()(()()()(()(()()()())))	1
(((()()()(()()()))))	1
()()((()()(()(()()))))	1
(()(((()()(()()())))))	1
()((()((()()()()()(()((()(()))))))))	1
()((((((()))))))	1
((((()((()()()()()()(())))))))	1
()(()()(((()))))	1
()()()(()()(()()))	1
(()()()(()(())))	1
((((()(()(()(())))))))	1
()(()()(()(())))	1
((()(()()(()()(())))))	1
()((((()()()(())))))	1
()()(()(()()(())))	1
(()(((()(()()()())))))	1
((()()()(()((()())))))	1
(()()()()(()()(()()(()()(())))))	1
(()(()()()()(()(()))))	1
()()(((((()(()((((()))))))))))	1
(((((((()(()))))))))	1
(()((()((()((()())))))))	1
(((()(()((()()()))))))	1
()((()(()((())))))	1
()(()(()()(()())))	1
((()()(()()(()))))	1
()((()(((()(()))))))	1
((()(()()()(()(()()(()))))))	1
((()()((()((()))))))	1
()(()(()((((()(()(()()(())))))))))	1
()(()()(((()(()(()))))))	1
()(()()(()()()((()()))))	1
()()()()((()()()(()(()((()()()))))))	1
((()()()()()()()()()((()((()))))))	1
()()((()()(())))	1
()()()(()(()()))	1
()(()(((()()()))))	1
((()()()()()((()(()()())))))	1
()()(()((((()()())))))	1
()(()()()()()()())	1
(()()(((()(()())))))	1
()()()()((()()))	1
()(()()()()((())))	1
()(((()(()(()()(()))))))	1
(((()()(()()()))))	1
()()()()(()()((()((()())))))	1
()(((()(((()))))))	1
()()()()(()((())))	1
(()(((((()()()))))))	1
()()(()(()((()()(((())))))))	1
()(()()()()((()())))	1
()()(()((()()()())))	1
((()()((()()(())))))	1
()()()(()(((()))))	1
(()((()(((()()(())))))))	1
()(((((()()()()())))))	1
(()()(()()(()(((()))))))	1
((()()()(()(()))))	1
(((((()()((())))))))	1
()(((()()((()(((()))))))))	1
()(((((((()(()))))))))	1
(()(((()()(())))))	1
(()(()(((()()()()(()()))))))	1
(()(()()()((()()()))))	1
(()(()(((((())))))))	1
()((()()()()()()))	1
(()()()(()()((()()()()()()))))	1
((()((()(()(()))))))	1
()((()()(((())))))	1
((()()(((((())))))))	1
(()()()(()(()(((()))))))	1
(()(()()()(()())))	1
(()(()()()(()(()(())))))	1
()()()()(()(()()()))	1
(()(()(()((()(()(())))))))	1
()()()()()()(()(()))	1
()()((((((((()))))))))	1
((((((()(((())))))))))	1
()()()()()(((())))	1
()()()(()()(()((()))))	1
(()()()()()(()()(((()(()))))))	1
()()(()()()()()(()))	1
((()(()(((()))))))	1
()()(((((((()())))))))	1
((()(()()(((((()))))))))	1
()()()(((()(((()))))))	1
()()()(()()(((()()()))))	1
()()(((()()()())))	1
(()()()()(((()))))	1
()(()()()()(()))	1
()(()((()()()()())))	1
(()(()()()()()()(())))	1
((()()()(()(((()()(()()(()))))))))	1
(()()((()(()()(()()())))))	1
()()(()()(()()(())))	1
(((((()()(()))))))	1
()(()()(((()()()()()()()()))))	1
(()((()()()())))	1
()()(()(()(()())))	1
()((((((()(()(()))))))))	1
((()()((()(())))))	1
(()((()()((((())))))))	1
()(((()()(()()))))	1
(((()((()()(()))))))	1
()()(((()((())))))	1
(((()()()()(()(()())))))	1
()()(()()()()()()()())	1
(()(((((()))))))	1
(()()(()(()()((())))))	1
(()()()()()((((()())))))	1
()()((()(()(()))))	1
(()()((((())))))	1
((()()()(()()(()))))	1
()()()()()()(()()())	1
()((()((()()()))))	1
()()()((()()((()))))	1
()(()()()()()()()())	1
(()(()((()()()()()()()()))))	1
(()()((((((())))))))	1
(()(()()(()()(()()(()()()()((()()(((()()))))))))))	1
()(()((()(((((()((()()))))))))))	1
(()()()(((()))))	1
(((((((()())))))))	1
()(((()((()())))))	1
(()()()()()(()))	1
()()(()()((()((()(()(())))))))	1
((((()()(((())))))))	1
()(()((((())))))	1
((()(()(()()()()))))	1
(((()(()()()(())))))	1
(((((()(()))))))	1
()()(()()()()()((())))	1
()()((()(()())))	1
()()(()(((()()(()()()((()()()(()))))))))	1
()(()(((()()))))	1
(()()(((()(())))))	1
(()(()(()((())))))	1
()()()((()()()))	1
()()(()(((()(())))))	1
(()(((()(()())))))	1
(()()()((()((())))))	1
(()()()(()()()(()())))	1
()()((()((()))))	1
(()((((()()())))))	1
((((((()(()()()())))))))	1
(()((()((((()()(((()))))))))))	1
()()(((((()()((())))))))	1
()()((((()(((((()(()))))))))))	1
()(()()()(((()))))	1
((((((((()()(()())))))))))	1
()((()()()()(()()((())))))	1
((()(((()(()(((()())))))))))	1
()((((()(())))))	1
((()()()()((()))))	1
((()(((()()(()()()))))))	1
((()(()(()((()(()()()()())))))))	1
(()(()(()(()((()))))))	1
()(()(((()(())))))	1
(()((((()(()(())))))))	1
(()(()(()()((((())))))))	1
(()((()()(((()()()()(())))))))	1
(()()()()()()())	1
(()()()((()()()((()((()()()()())))))))	1
()(()((()()())))	1
()(()(()(()(()))))	1
()()()(()((()()()()()()()(()))))	1
(()()(()(()()()()((()(()(())))))))	1
()()()(()()()()(()()()()()))	1
()(((()(()((()))))))	1
()(((()(((()()()()))))))	1
(()(()(()((()((())))))))	1
()()()((()(((()()())))))	1
(((()((()()(()()()))))))	1
()()(((()()((((())))))))	1
()()((()()()()(()()()()())))	1
(((()((()()((())))))))	1
()()(()(((()()()()))))	1
(((((()()()())))))	1
(()(()()((()()((()))))))	1
(()(()((()()()))))	1
()()()(()((()(()))))	1
(()(()(()(((()))))))	1
(()((()()()()(((()()))))))	1
()()()(()()()(()))	1
()(((()(()(((())))))))	1
((()(()()(()()()()))))	1
()()()()(()(()(()(((((()(())))))))))	1
(()((()()()()(()()()(()()())))))	1
(()(()()((()(()(()()))))))	1
()(()()(()((()))))	1
(()()(()()()(((())))))	1
()()((()(()(()()(()())))))	1
()()(()(((()))))	1
()()()(()()(()))	1
((()(((()(()()))))))	1
()(()()(()((()(()(()()(())))))))	1
()()(()()(()()()()))	1
(()()((()()(()()))))	1
((()(()()(()(())))))	1
()()()()((()()()(())))	1
()()(()()()(()))	1
()(()()(()(()())))	1
(((()(()()()))))	1
(((()()()((()())))))	1
(()()()()(()()))	1
()()(()(()()(()())))	1
()((()(()()()())))	1
((()()(()(((((()()((()((()))))))))))))	1
(((()()()(()()(()(()((()))))))))	1
(()((()()()()()((()())))))	1
()((()(((()(((()))))))))	1
()()((((()()))))	1
()((()()()()()))	1
((()()((()()))))	1
()((()(()(((()))))))	1
()()()()(()((((()())))))	1
(()(()()()(()()()()()(()()))))	1
((()()(()()())))	1
(()(((()()()))))	1
()()()()((()(()()(()))))	1
()()(()((()()())))	1
(()()()()()()((())))	1
()()(()()()((()(()))))	1
(()(((()((()((()))))))))	1
(()()(((()(((())))))))	1
((((()((()()()))))))	1
()(()()(()(()(()))))	1
()()(()((()()()(()))))	1
()(()()(()()()()((()))))	1
()(()()()((()())))	1
()()()(()()()((()()(()((()()))))))	1
()((()(()(()()()(())))))	1
()(()((()()(()))))	1
()((()()(())))	1
(()()((((((()((()())))))))))	1
((()((()()(((()(()))))))))	1
()((()()((()()()))))	1
()()()(()()((((())))))	1
()()((()()()((()))))	1
((()()()(()(()(()()()()()(()))))))	1
((((((()()))))))	1
()()(((()()(((()()()))))))	1
()()(()()()()())	1
(()(((()()(((())))))))	1
(()(()((()()))))	1
((()()()()()()(()()(()))))	1
()()()()(()(()()))	1
()()()(()(()(())))	1
(()()(((()(()()()())))))	1
()()()()()()((()))	1
()((()()()()(())))	1
()()()(()((()())))	1
()(()(((()((()))))))	1
(()()()(()()(((())))))	1
()(()(()(()((())))))	1
((()()()(((()((())))))))	1
()()()(((()()())))	1
()()()(()()()()(()()((()))))	1
((()()()()(()()()((()())))))	1
(((()(((()))))))	1
((((()()((()))))))	1
()((((()()))))	1
(()(()()((()))))	1
()((()()(()()())))	1
(()()()((()()((())))))	1
()(((()((()()()())))))	1
()()((((()()()()()()))))	1
(((((()(((()()))))))))	1
()(()(()((()(())))))	1
()()(()()((()(()))))	1
()()()()()(()())	1
()()(()()()((((())))))	1
()()()(()()()()())	1
()()()((()((()))))	1
()(((()()()(()))))	1
()((()(()(()))))	1
()()()()()()()(()()()()()())	1
()()()((()()(((()())))))	1
()()()()(((())))	1
(()((()()()(()))))	1
((()(()()()())))	1
(((((()((())))))))	1
()((()(()()(()))))	1
(((()()((()((()()(()))))))))	1
(()()(()((()(())))))	1
()(()()()()()()(()))	1
()()()()(((((())))))	1
((()()(()(()))))	1
((()((()()(((())))))))	1
()()((((()()()()))))	1
()(((((()((())))))))	1
()(()((()()((()(()()((()))))))))	1
(()()((()((()(()((((()))))))))))	1
()()()(()()()())	1
(()()(()(()(()(())))))	1
(()(()(()(((()(((())))))))))	1
(()()(()(()()(()()))))	1
(()()()(()()((()))))	1
()(()()(()()(()(((()()))))))	1
()(()()((()())))	1
(()()(()(()(()))))	1
()(()()()()()((())))	1
(((()()(()((((((()))))))))))	1
(()((()(((()))))))	1
()()()()(()(()()(()((()())))))	1
()()()(()()()(()()))	1
(()()(()((()((((((()(()()())))))))))))	1
()()((()(((())))))	1
((()((((()))))))	1
((()()()()(()())))	1
((((()((()(()((()(()()()))))))))))	1
((()((()((()((()(())))))))))	1
((()()()(((())))))	1
(()(()()()(()((()(()()))))))	1
(((()()((()((())))))))	1
()()()(((()())))	1
(()()(()()(((((()()())))))))	1
(()((()(()()()))))	1
(()()(()(((())))))	1
()(()((()(()(())))))	1
()(((((()(()()()((()()()()))))))))	1
()()()()()()()(())	1
(()()()()()()(()))	1
()(()(()(()()()())))	1
()()()(((()((()())))))	1
