()	33315
()()	11173
(())	11102
((()))	3772
(()())	3732
()()()	3724
()(())	3599
()(()())	1278
()()(())	1265
(((())))	1263
()((()))	1252
((()()))	1240
(()()())	1227
(()(()))	1186
()()()()	1158
()(()(()))	453
()()(()())	445
(((()())))	444
()(()()())	426
(()((())))	425
()()()()()	421
((()(())))	415
()((()()))	407
()()((()))	406
()(((())))	405
(()(()()))	402
((((()))))	401
(()()()())	392
((()()()))	386
()()()(())	384
(()()(()))	383
()()((()()))	163
(()()()()())	150
()()()(()())	149
()(()(()()))	148
((()(()())))	145
()(()()(()))	145
()()()((()))	145
()()(()(()))	144
((((()()))))	144
(()((()())))	143
()((()(())))	142
()((((()))))	141
()(((()())))	141
(()(()()()))	141
()()()()(())	137
((()()(())))	136
(()()((())))	135
()()()()()()	135
(((()(()))))	134
(()(((()))))	133
(()()(()()))	132
()(()()()())	131
()()(()()())	130
()((()()()))	130
(()(()(())))	130
()()(((())))	129
(()()()(()))	127
((()()()()))	127
((()((()))))	125
()(()((())))	120
(((()()())))	120
(((((())))))	113
((()(((())))))	62
()(((((())))))	61
()((()((()))))	57
()(()(()()()))	57
()()()()(()())	57
()()(()((())))	56
()((()()(())))	55
(()()()()()())	55
()(((()()())))	55
(()()()()(()))	54
(((()()()())))	54
()(((()(()))))	54
(()((((())))))	54
((((((()))))))	53
((((()(())))))	52
()()()()()(())	52
()()(()()(()))	52
(((()(()()))))	50
((()((()()))))	50
()(()(()(())))	50
(()(((()()))))	49
()(()()()()())	49
()()(()(()()))	49
(()()(()(())))	48
((()(()()())))	48
()((()(()())))	47
()()(((()())))	47
((()()()(())))	47
(((()((())))))	46
(((()()(()))))	46
(()(()()()()))	46
()(()()((())))	46
(()((()(()))))	46
()(()((()())))	45
()()(()()()())	45
()()()(()()())	45
(()()((()())))	45
()()()(((())))	45
(()()()(()()))	45
((()()(()())))	45
((()()((()))))	44
()(()()()(()))	44
()()()((()()))	43
((()(()(()))))	43
(((((()())))))	43
(()((()()())))	43
(()(()((()))))	42
((()()()()()))	42
()((()()()()))	41
(()()(()()()))	41
((((()()()))))	41
()((((()()))))	41
()()((((()))))	41
()(()()(()()))	40
()()((()()()))	40
(()(()()(())))	40
(()(()(()())))	40
(()()()((())))	40
()()((()(())))	39
()(()(((()))))	39
(()()(((()))))	38
()()()(()(()))	37
()()()()((()))	36
()()()()()()()	36
()()()(()(()()))	29
()(((()(()()))))	27
()(((((()())))))	24
((()()()()(())))	22
(((()()((())))))	22
(()()(()()()()))	22
()(()()(((()))))	22
()()()()((()()))	22
(()((()(()()))))	21
()()(()(()()()))	21
()()()(((()())))	21
()(()()(()(())))	21
()()(()()(()()))	21
()(()()()()()())	21
(((()()()()())))	20
(()()()((()())))	20
(()()()()()(()))	20
(((((((())))))))	19
()(()()()((())))	19
(()()(()((()))))	19
(()((()()()())))	19
((()((((()))))))	19
(()(()(()()())))	19
()()()()()()()()	19
()()(()()((())))	19
()()()()(()(()))	19
((()((()()()))))	19
()(()()()(()()))	18
(()()((((())))))	18
(()(()(((())))))	18
()()()(()()()())	18
()((()()()()()))	18
(()((()()(()))))	18
((((()((()))))))	18
()()()((()()()))	18
(()()()()(()()))	18
((()()()(()())))	18
(()()(((()()))))	18
(()(()()(()())))	18
(((()(((()))))))	18
()()((()()(())))	17
(()(()()()()()))	17
()()(()((()())))	17
((()(()()()())))	17
()()()()(()()())	17
()()(()()()(()))	17
((()()()((()))))	17
()()((()()()()))	17
(()(()()()(())))	17
()((()((()()))))	17
((()()(()()())))	17
(()()(()()(())))	17
()(()(((()()))))	17
()()()()()(()())	17
((((()(()())))))	16
(()(((()(())))))	16
()()((()((()))))	16
(()()((()()())))	16
(()()()()()()())	16
(()(((()()()))))	16
()((()()(()())))	16
()()(((((())))))	16
()()()()(((())))	16
(((()()(()()))))	15
(((((()(()))))))	15
((((((()()))))))	15
()((()()()(())))	15
()()()()()()(())	15
((()((()(())))))	15
()()(((()()())))	15
((()()()()()()))	14
()(()((()(()))))	14
((((()()()()))))	14
((()(()()(()))))	14
(()()((()(()))))	14
()((((()()()))))	14
(()(()((()()))))	14
()()((((()()))))	14
()(()(()()(())))	14
(()()(()(()())))	14
()()(()()()()())	14
(()(()()((()))))	14
((()()(()(()))))	14
()(()()((()())))	14
(()(((((()))))))	13
()(()((()()())))	13
(((()()()(()))))	13
((((()()(())))))	13
((()(()((())))))	13
()()()((()(())))	13
()()((()(()())))	13
(()(()(()(()))))	13
()()()(()((())))	13
(((()((()())))))	13
()(()(()(()())))	12
()((((((()))))))	12
()()(()(()(())))	12
()(()((((())))))	12
()()(()(((()))))	12
()()(((()(()))))	12
(()()()(()()()))	12
()()()((((()))))	12
()()()()(()(()()))	12
(()((()((())))))	12
()(()(()()()()))	12
()(()(()((()))))	12
()(((()()(()))))	12
(((((()()())))))	11
()()()(()()(()))	11
(()()()(((()))))	11
()(((()((())))))	11
((((()()((()))))))	11
((()()((()()))))	11
()((()(()(()))))	11
()((()(()()())))	11
()((((()(())))))	11
()()()()()((()))	11
((()(((()())))))	10
(()()()(()((()))))	10
((()(()(()()))))	10
()(((()()()())))	10
(()()()()((()())))	10
()((()(((())))))	10
((((((()()()))))))	10
()((()((()(())))))	9
()(()()()()()(()))	9
()(()(()()()()()))	9
((()()(((())))))	9
(((()()(((()))))))	9
()(()()()()(()()))	9
((()()()()((()))))	9
()((((()(()())))))	9
((()((((()()))))))	9
((()()(()()(()))))	9
()((()()((()))))	9
()()()()()(((())))	9
()(()()()()(()))	9
(()()()()((())))	9
()((()((((()))))))	9
(((()()((()())))))	8
()(()((()((())))))	8
()()(()(()()()()))	8
()()(()(()((()))))	8
()((()(((()())))))	8
()()()()()(()()())	8
()((()((()()()))))	8
()()((((()()()))))	8
()()(()((()()())))	8
(()()(((()(())))))	8
()(()(()(((())))))	8
()((()()(((())))))	8
()(()()(()()()))	8
(()()((()()()())))	8
(((()(()((()))))))	8
()()()(()(()(())))	8
((((((((()))))))))	8
()((()()()()()()))	8
((()(()()(()()))))	7
((()(()(()(())))))	7
()((((((()()))))))	7
()(((()()()(()))))	7
()()()()((()(())))	7
()(()()((()(()))))	7
(()()()(()()(())))	7
()(((()(()(())))))	7
(((()()()(()()))))	7
(((()(()(()())))))	7
()()()()()()()()()	7
(((()(()()()()))))	7
()()(()()(()(())))	7
()(()(()(()()())))	7
(()()((()((())))))	7
(()((()()(()()))))	7
((((()(((())))))))	7
(()()(()()(()())))	7
(()()(()()()()()))	7
(((((()((())))))))	7
(()()(()(()(()))))	7
()()()()()((()()))	7
((((()()(()())))))	7
(()(()(()()()())))	7
(()(((()()()()))))	7
()()()((()()(())))	7
(()(()((()(())))))	7
()(((()((()())))))	7
()((()()()((()))))	7
((()()(((()())))))	6
()(((((()(()))))))	6
((()(((((())))))))	6
((()()(()(()()))))	6
(()()()()(()(())))	6
((()()((()()()))))	6
()()(()((((())))))	6
(()()()((()(()))))	6
(()()()(()(())))	6
()(((((()()())))))	6
()(()()()(()()()))	6
(()(()()()(()())))	6
(()()(((()()()))))	6
()()(()()()()(()))	6
(((()(()()()))))	6
()(((()(((()))))))	6
(()(()()()(()(()))))	6
(()(((((()()))))))	6
((()()()(((())))))	6
()()((((((()))))))	6
()()(()()(((()))))	6
()(()()(((()()))))	6
((()(((()()())))))	6
(((()()(()(())))))	6
(((()(()(())))))	6
()()()(()((()())))	6
()(()((()()()())))	6
(()(()()(()()())))	6
(()()()((((())))))	6
(()((((()())))))	6
(()(()()(()()()())))	6
((((()()()()()))))	6
(((()()()()(()))))	6
(((((()()(()()))))))	6
()()(((()(()()))))	6
(()()(((((()))))))	5
()(()((()(()()))))	5
()()()(()(()()()))	5
()((()(()((())))))	5
(()()()(()()()()))	5
(()()()(()(()())))	5
()()()()()()(()()())	5
((()((()()()()))))	5
()()(((()()()())))	5
(()(()()((()()))))	5
()(()((()()(()()))))	5
((((()()()(())))))	5
(()((((((())))))))	5
((((()(()()())))))	5
()()((()()()()(())))	5
()()((()(((())))))	5
(()((()(()()()))))	5
(()()(()()((()))))	5
((()()()()((()()))))	5
()()(()(()()(())))	5
()()()()((((()))))	5
()()(()((()()()())))	5
((()()(()()()())))	5
((((()((()()))))))	5
()()()(()()()(()))	5
(()(((()(()())))))	5
((()()((((()))))))	5
((()(()()()(()))))	5
()()()((((()()))))	5
()()()()(((()())))	5
(()()(()()()(())))	5
()()(()()()()(()()))	5
((()()()()()(())))	5
()()()((()()()(())))	5
()((()(()()(()))))	5
(()()()()()(()()))	5
()()(((((()())))))	5
(()(()((((()))))))	5
()(((()()(()()))))	5
(()(()(()((())))))	5
()(((((((())))))))	5
()(()(()((()()))))	5
((()(((()(()))))))	5
(((()()()((())))))	5
()()()(()()()()())	5
()(()(()((()()()))))	5
()()(()(()(()(()))))	5
((()()()(()(()))))	5
(()()()(()(()()()())))	5
()((()()()(()()())))	5
((()()(()()((())))))	5
(()()()(((()()))))	5
(()((()()()()())))	5
((()(()()()()())))	5
((()((()(()())))))	5
()()()(()()((())))	5
(()((()(((()))))))	5
()()((((()(())))))	5
()((((()((()))))))	4
()()(()()(((()()))))	4
()()(()((()(()))))	4
()(()(()()()(())))	4
()()()((()(()())))	4
()(((()()()()())))	4
((()()()(((((())))))))	4
()(((()((()()())))))	4
(()(()()(((())))))	4
()()()()((()()()()))	4
(()()(((()(()())))))	4
()()(((()()(()()))))	4
()(()()()((()(()))))	4
()(()()((()()())))	4
(((((()(()()))))))	4
()()()()(()()()())	4
()((()()()()(())))	4
()((()()((()()))))	4
()()()()()(()(()))	4
()(()(()()((()))))	4
()()()(()()(()()))	4
(()(()()(()(()))))	4
()()()()(()((())))	4
(()()((((()())))))	4
()()()()()()(()())	4
(()((((()((())))))))	4
()()(()(()(()())))	4
()(()()(()()((()))))	4
((()(()((()(()))))))	4
()()()(()()(((()))))	4
()()(()((()(()()))))	4
()(()((()()(()))))	4
()(()()()()(((()))))	4
((()()()()(()())))	4
()((()()(()()())))	4
((()()()((()()))))	4
(()()()()(()()()))	4
()()()()(()()(()(())))	4
()((()(((()(()))))))	4
((()(()()((())))))	4
(()()(()(()()()()())))	4
(((()(()(()(()))))))	4
(((((()()(()))))))	4
((()()((()(())))))	4
()()(()()()((())))	4
()(()((()((()())))))	4
((()()(()((())))))	4
()(()(()(()(()))))	4
()((()(()()()())))	4
(()()(((()((()))))))	4
()()()(((()((())))))	4
()(()()()((()()())))	4
(()(()(()(()()))))	4
()()((()()((()))))	4
(()()((((()(()))))))	4
()(()()()()((())))	4
(()((()()()(()))))	4
()()(()()(()()()))	4
((()(()((()()())))))	4
(()()((()(()()))))	4
()((()()((()(())))))	4
()(()(()()(()())))	4
(()()((()()(()))))	4
()((()(()(()(())))))	4
(((()()(()()()))))	4
()((()()(()(()))))	4
()()()((()((()))))	4
()()(((()((())))))	4
(((()((()(()))))))	4
((()(()(()()()()))))	4
()((()()()()(()())))	4
(((((()()()())))))	4
((()(()((()())))))	4
()(((()()((())))))	4
(()()((()(((()))))))	4
(()((()(()(())))))	4
()()()()()()()((()))	4
(((()()()()()())))	4
(()((()()()()()()()())))	4
((()((((((()))))))))	4
(()()()(()()()(())))	4
(((()((((())))))))	3
()(()()(()()()()))	3
()()(((()()(()))))	3
()(((()()()(()()))))	3
(()(((((()()()))))))	3
()((((()((()(())))))))	3
(()()()()()(()()()))	3
()()()()()(()(()()))	3
()((()()()(()())))	3
()()()(()()(()(())))	3
(()(()()((((()))))))	3
()((()(()(()()))))	3
()()(((()(((()))))))	3
(()()(()()(((())))))	3
()()(()(((()()))))	3
()()()(()(((()))))	3
(()(()((()(()())))))	3
()(((()()()()()())))	3
()()()()()(()(()()()))	3
(((()()()(((()))))))	3
()(()(()((()(())))))	3
()(()()()(()(())))	3
(()(()()()((()))))	3
()()()(()(()((()()))))	3
()((()(((()()())))))	3
()()()()()()()(())	3
(((()()((()()())))))	3
(()(()()()()(())))	3
(((()()()(()()()))))	3
((()(()()()()(()()))))	3
()()()(((((()())))))	3
()(()(((()()()))))	3
()((((()()(())))))	3
(()((()((()()())))))	3
(((()(((()()()))))))	3
(()((()((((())))))))	3
(()(()()((((()()))))))	3
()((((()()((()))))))	3
()()(()()(()()(())))	3
((()(((()()()())))))	3
()()()()((((()()))))	3
(()()()()()((())))	3
(()(()(()()((())))))	3
()()()()()()()(()())	3
(()(()()()()()()))	3
(()(()((()()()))))	3
()()()()(()()()(()))	3
()()(()(()()((()))))	3
(()()()((()()())))	3
((()(((()()(()()))))))	3
(()((((()(()()))))))	3
((()((()((()))))))	3
()()()()(()(()(())))	3
(()(((()((()))))))	3
((()()()((()(())))))	3
(()()()()()()(()))	3
()(((()(()()()))))	3
()(()(()()((()()))))	3
((()()()()(()(()()))))	3
(()(()(()()()()())))	3
()((((()()(()())))))	3
(()()(()()()((()))))	3
()(()()()()()()())	3
((()((()()(())))))	3
()((()()()()(()(()))))	3
((()()(((()()())))))	3
(()()(((()(()(()))))))	3
()(()((((()())))))	3
()((()()(((()())))))	3
()((()()()(((())))))	3
()()()((()()()()))	3
()()()((()(()((())))))	3
()()()()(()()()(()()))	3
()(()()(()((()))))	3
(()()((()()(()()))))	3
(()()(((((()()))))))	3
()()((()()()()()))	3
()(((((()()(()))))))	3
()()()()()(()()(()))	3
(((((()(((()()))))))))	3
()()()()()()()()(())	3
()()(((()()()((())))))	3
((()()()(()()())))	3
(()()(()()((()()))))	3
()((()(()()((())))))	3
((()()()(((()())))))	3
(()(()(()()(()))))	3
((()(()(()()()))))	3
()(()(((()()()(())))))	3
(()((()()((())))))	3
(()((()()()()()()())))	3
(()(()()(()((())))))	3
(()()()(()()()()()()))	3
((()()()()()()()))	3
()(()()((()(()()))))	3
(()(((()()(())))))	3
()()(()()()()()())	3
()()(((((()()())))))	3
(()()()()(()(()())))	3
(()()()()(((()()))))	3
()(((((()()()()())))))	3
()()(((()(()()()))))	3
(()()()()(()((()))))	3
(()(((()()()(())))))	3
(()((((()()())))))	3
()()()()()((()(())))	3
(()((()(()()(())))))	3
((((()(()(()))))))	3
((((()()()()(()())))))	3
(((((()(((()))))))))	3
()(()()(()()()(())))	3
((()()()()()()()()))	3
()((()()((()()()))))	3
()(()((()()()(()))))	3
(()(((((()(())))))))	3
()()(()()((()(()))))	3
(()()()(()()()()()))	3
()()((()(()(()))))	3
(((((()((()())))))))	3
()(()(((()()()()))))	2
()(()()()((()(()()))))	2
()()(()((()((()()()())))))	2
()((((()((()()))))))	2
((()((()(()()())))))	2
()((()(()(((()))))))	2
()()(((((((())))))))	2
((()()()(()((())))))	2
()()(()()(()((()))))	2
(()(()()()()()(())))	2
((()()()((()(()())))))	2
(()((((((()()())))))))	2
()()(()()()()()(()))	2
((((()()()(()())))))	2
(()()()(((((()))))))	2
()((()(()(()(((())))))))	2
()((((()(((()())))))))	2
(()(((()()(()())))))	2
(()(()()()()()(()())))	2
()((()()(()(()((()))))))	2
()(()(()(((()())))))	2
((()(()((((())))))))	2
((()()()()()(()())))	2
(()((()()()()(()))))	2
(()((()()(()(())))))	2
()()()()()(()(()(())))	2
()()(((()(()(())))))	2
()(((()(()()(())))))	2
((((()()(((()())))))))	2
((()((((()()(())))))))	2
()(((()()()()()(()))))	2
()(()(((()(())))))	2
(()(()(((()())))))	2
(()(((()()((()))))))	2
()((()(((()((())))))))	2
(()((()((()((())))))))	2
()()(()(()()()()()))	2
(()()()()(()()(())))	2
(((()()()(()(())))))	2
()(()()(()(()())))	2
()()()()()((()()()()))	2
()(()(()(()(()()))))	2
(()(((()((()()))))))	2
()()()((((()(()())))))	2
()((((()()()()))))	2
()(((()((()()(()))))))	2
(()()()()()()((())))	2
()()(()()()((()(()))))	2
()()(()(()()()(())))	2
()()(((()((((())))))))	2
(()(((()(((())))))))	2
()((()()()((()()))))	2
()()(()((((((())))))))	2
(()()((()()()(()()))))	2
(((()((()((())))))))	2
()((()()((()()((((()))))))))	2
()((()()(()()()())))	2
()(()(()()()((()()))))	2
()()((()(()()()()()()())))	2
()()()()(((((())))))	2
(((()()(((()(()())))))))	2
()()((((()(()())))))	2
((()(((()((((())))))))))	2
()()(()()((()(()(())))))	2
()(()(((((()))))))	2
((()()(()((()(()))))))	2
()(()()((()()(()()))))	2
(()()()()()(((()))))	2
((()((()()()(()()())))))	2
(()(()()()()(()())))	2
()()()(()()()()(()))	2
(()()()()()()(()()))	2
(()((()(()()()(()())))))	2
(((()()((((())))))))	2
()(()((((()()())))))	2
(((()()(((()()))))))	2
(()()(()()((()()()))))	2
()()((()()()()()()))	2
()((()(((()()()()())))))	2
(((()(()()()()()))))	2
(((()()(()(()())))))	2
()(()()()()((()())))	2
(()()()()(()()(()())))	2
()()()(((()(()()()))))	2
()(()()()()((((())))))	2
()(()(()()()(()())))	2
()()((((()()()()))))	2
(()()()(()(((())))))	2
(()((()()((((())))))))	2
()()((()()(()(()()()))))	2
((((((()(()())))))))	2
(((()(()(((()())))))))	2
()(((()()(((()()(())))))))	2
()()()(()()()()()()())	2
(()()()(()(()()())))	2
()(()()()()(()()()))	2
()()()()()(()((())))	2
()()()()()()()(()()())	2
(()()(()(()()()())))	2
()(()()()(()()()()))	2
()(()(((((()()))))))	2
()((()((((()()))))))	2
()()()()(()(((()))))	2
()()()(((((()()())))))	2
()()()()(()()(()))	2
(()()()()((((()())))))	2
(()()(((()()()()()()))))	2
()(()()()()()(()(())))	2
((()()()()()((()))))	2
(()()()()()((()())))	2
()((()(((()(()()))))))	2
()(((()()(((()()))))))	2
()(()()()()((((()())))))	2
(()(()((()()(())))))	2
()()()(((()(()()))))	2
()(()()(()(()(()))))	2
()()()()(((()(()))))	2
()()()((()((()()))))	2
()(()(()(()((())))))	2
((()()(()(()(())))))	2
((()(()()((()())))))	2
((()(((()(()()))))))	2
(()(()((()((()))))))	2
()()()()(((()()())))	2
()(((((()((())))))))	2
()()()((()()()()()()))	2
(()()(()(()(()(())))))	2
(()()(()(()(()()()))))	2
()(()((()(((()()))))))	2
()((()(()()()()()())))	2
()(()(((((((()()))))))))	2
(()()(()(()(()()))))	2
(()()()()()()()())	2
()(()((()()()()())))	2
()()(()(()(((())))))	2
(()(()((()()()()))))	2
(((()()()()()((())))))	2
()(()(()()()((()))))	2
()((()(()(((()()))))))	2
()()((((()(((())))))))	2
()()((()(()()()())))	2
()((()()(()(((()))))))	2
()(()()(()()(((())))))	2
(()()()(()(()(()))))	2
()()()()()()()()()()	2
((()()(((((())))))))	2
(((()()()((()(()))))))	2
(((()()()()((())))))	2
((()()((((()()))))))	2
(()(((()()(()()())))))	2
(()()(()((()()))))	2
()(()()()()(()(())))	2
((()(()(((()))))))	2
()()(()()()((()())))	2
(()()(()(()()())))	2
(()((()(((()()()))))))	2
()(((()(()((()()()))))))	2
(()((()()()(()()))))	2
()(()((((((()()())))))))	2
()(()((((((())))))))	2
(()((()()()(()(()(()()))))))	2
((((()()()()()()()))))	2
((()(()()(()()()))))	2
()(((((((((())))))))))	2
(()((()(()(()(()))))))	2
((()()()()()()()(())))	2
((()()()((((()))))))	2
()(()()((()((()())))))	2
()()()(()()((()())))	2
()(()(()()(((())))))	2
()()()((()(()()()())))	2
()()()()()(((()())))	2
(((((((()()())))))))	2
(()()((((()()())))))	2
((((()()(()()())))))	2
()(((()()()((()())))))	2
((((()()()((()()))))))	2
()()((()(()(()()))))	2
()()(()()((((()(()))))))	2
(()()((()(()()()))))	2
()((()()()()((()()))))	2
()()((()()()(())))	2
(()()(()()(()(()))))	2
()()(()()((()())))	2
()((()()(()(()()))))	2
((()(()(()()(())))))	2
(()()()(((()(())))))	2
((()()()(()()()())))	2
(((()()()()()()(()))))	2
(()((()()((()()())))))	2
()()()()(()(()()(())))	2
()(()()()((()())))	2
(((()(((((()))))))))	2
((((()()(()()(()))))))	2
()()((()()(()()())))	2
((()(()((()()(()))))))	2
()()()(()()()(()(())))	2
()(()(()(()()()())))	2
()()(()()(((()((()))))))	2
()((()()()(()(()(())))))	2
()()()(()(((()()))))	2
()(()()(()()(())))	2
()(()()(((((((()()))))))))	2
()()()(()(()((()))))	2
(()()((()()()()())))	2
(()((((()()(()))))))	2
()(()()(((()(())))))	2
()()()((((()()(())))))	2
((()()()(()((()()())))))	2
()(()()(()()()()()))	2
((()((()()(((()())))))))	2
()()((()(((()()()()())))))	2
()()()()()(((((()())))))	2
()(()()()(()(()())))	2
()()()()()((()()()))	2
(()(()()((()((()))))))	2
()()(()((((()()())))))	2
(()()(()(()((()()())))))	2
((()()((()()(())))))	2
()(((()()((()())))))	2
(()((()(((()()))))))	2
()((()()(()(()()()()))))	2
(()()()()()()(()(((())))))	2
()()((()((()()))))	2
(()()(()(()((())))))	2
(()()((((()((())))))))	2
()()((()(()()())))	2
()(()(()()()()()()))	2
((()()(((()(()))))))	2
()()(((()(((()()))))))	2
(()(()(((()(()))))))	2
((()()((()()()()))))	2
()(()()((()((())))))	2
(()()((((((())))))))	2
((()()()()()(()()())))	2
(()()()()()()()(()))	2
()(()()(()()(()())))	2
()(()()()(()((()()))))	2
()(()()()(((()))))	2
(()((((()()(()()))))))	2
((()()()()(()(()))))	2
((((()()(()(()()))))))	2
()()((()()(()())))	2
((((((((()()))))))))	2
()()(((()((()())))))	2
(()(()()()()()()()))	2
()()((()((()(())))))	2
(()()()()()()((((())))))	2
()((()(()()()()())))	2
((()(()(((()()))))))	2
(()(()()((()(())))))	2
()()((()()((()()))))	2
((()()()(()(()()()))))	2
(((()()()((()())))))	2
(()()()()(((()(()()())))))	2
()(((()((()(()))))))	2
()()()()()(()()()()())	2
()(()(()()(()(()))))	2
()()()()()()()(((())))	2
()(()((()()((())))))	2
((()(()()()()(()))))	2
(((()((()(()(())))))))	2
()((()((()()(())))))	2
((((()()()()()()))))	2
(()()(()((((()))))))	2
()((()(((((())))))))	2
()(()(()(()()(()))))	2
()()(()()((((())))))	2
()(()(((()()(())))))	2
((()(()()()((())))))	2
(()((()()()((())))))	2
()(((((()()()())))))	2
(()()(()(((())))))	2
()()(()()()()()(((()))))	2
()(((()()()()(()(((((())))))))))	1
()()((((()()(()()())))))	1
(((()(((()()))))))	1
(()()((((()()(((()()((((()))))))))))))	1
((()(()()(((()((()()()(()()()()()())))))))))	1
()(()()(()()((()()()))))	1
()()(()(((()()(())))))	1
((()(((()()()(()))))))	1
()()((((((()()()))))))	1
()()()((()()((()()))))	1
(()()((()()(((()))))))	1
((()(()(()(()(()))))))	1
()()((()()()()()(()())))	1
()(()(()(()()()()())))	1
()()((()()()()(()())))	1
()()()()((()()()()()()))	1
()()(()()(()(()())))	1
()()(()(((()((()))))))	1
()()(((()()()(()()))))	1
(()(()(()()()((())))))	1
()((((()(()(()))))))	1
()(()()(()()((((()))))))	1
()(()()((()(()(()()()())))))	1
(()(()()()()((()(()()(()))))))	1
()()(((()()(()()()(()(()))))))	1
()()(()()(()()((((()()))))))	1
((((()()()()()(()())))))	1
(()((()()()(((()()))))))	1
()()()()(()()()((()())))	1
()(((()(()(()()())))))	1
()(((()(()(((()())))))))	1
((((((()(()()()()(()()()))))))))	1
()()(((((()((()())))))))	1
(()((()()(()(((((()()())))))))))	1
()()((((()()()(()()(()(())))))))	1
((((()()(()()(((()))))))))	1
((((((()()()()()((()))))))))	1
()(()((()()()(()()))))	1
(()()(()()(()()(()))))	1
(()()()(()(()()()(((()()()))))))	1
(()(((((((((()))))))))))	1
((()(()()()()((()(()()(())))))))	1
((()((()((()()(()(()))))))))	1
()((()(()()(()()()()()))))	1
(((((((()()()()())))))))	1
(()(()(()(()()()()((()()))))))	1
()()()()((()()()((()((()(())))))))	1
(((()((()(()(()(()()))))))))	1
((()()((()()()()()))))	1
((()(()()()((()()(()))))))	1
(()()((()(()()()(((()(()))))))))	1
(()()((()()((((((()()((()(()()()()))))))))))))	1
((()((()()()(()())))))	1
(()((((()()()((())))))))	1
()()()()()((()()(()()()())))	1
((()((()(((()(()((()()))))))))))	1
()(()()()((()()()((()())))))	1
()((()()((((()(())))))))	1
()()()()(((((((()())))))))	1
((()(()()(()()()(())))))	1
((()(()(()(((()(()()))))))))	1
(((((()(((((()))))))))))	1
((()(()(()()((()))))))	1
()()((((((()(((())))))))))	1
(((()()()(()(((())))))))	1
()()()(()()()((())))	1
()(()()()(()()()(((())))))	1
()((()()()(()()()()((()((()())))))))	1
()()(()()((()((())))))	1
(()(()(()(()()()))))	1
((()()((((((()))))))))	1
(((()()(()(()()())))))	1
()()(()()()()(()()()()(())))	1
((()()(()()()(()()()))))	1
(()()(((()(()(()(())))))))	1
(()((()((((()()()()())))))))	1
()(()((((()(()(()())))))))	1
()()((()((()((()()))))))	1
(()(()()(()()(()))))	1
(()()()(()(((()())))))	1
(()()(()()()()(())))	1
(((()(()(()(()(()()(()))))))))	1
()(()((()((((())))))))	1
(()()(()()()(()()()((((()())))))))	1
()()(()(((()(()())))))	1
()(((((()()()(()))))))	1
(()((((()(()()()))))))	1
()()(((()()()(()((()))))))	1
()((()(()((()()()()())))))	1
(((()()()(((((((()(((())))))))))))))	1
(()(()((()()()((()()))))))	1
()((()()((()()()()()))))	1
(()((()()()(()()(())))))	1
(()(((()(()(()((()((()))))))))))	1
()(()((()(()(()())))))	1
()()()()((((()()()))))	1
(()((()(()()()()))))	1
(((((((()()(()()))))))))	1
((((()((()()()))))))	1
()(((()()()((()()()((((())))))))))	1
(()()((()((()(()(())))))))	1
((()()(()(()((()()))))))	1
()()(((((((()()()()())))))))	1
(()(((()()()()(()()()(()))))))	1
()()()(()((()()()())))	1
((()()((((()()(((())))))))))	1
()()((()()(()(()))))	1
((((()()()(()()()())))))	1
(()()(((()((((()))))))))	1
()()()()(()(()()(((()())))))	1
()()()()((((()(((()()())))))))	1
()(()()()((()()(((()()))))))	1
(((()((((()())))))))	1
()()()()()()()((()()()))	1
(()()(()((((()(())))))))	1
()()()((()(()(()))))	1
((()()()()((()()()))))	1
()()()()(()(()()(()(()))))	1
()(()(()(()((()(()))))))	1
(()()((()()(((()()))))))	1
()()(()(()(((()()())))))	1
()((((()((()(((()(()))))))))))	1
()(()(((()()(((())))))))	1
()(()()()()()(()()()()))	1
(()()()(((()()(((())))))))	1
()()()()()()((()()()(((()()((())))))))	1
((((()(()(((()()(())))))))))	1
(()()()()(()()()(())))	1
((()(()()()()()(()))))	1
((()()()()()()(())))	1
()()()((()()()()(()())))	1
()()(()()(()(()()())))	1
(()(()(()()()()()()()()((((())))))))	1
()()()(((()(((()))))))	1
()()()()(()()(()((()()()))))	1
()(()(()()(()((()()())))))	1
(()()()()(()()((()))))	1
(()()(()(((((()()(()))))))))	1
()((((((()()(()(((()(((()())))))))))))))	1
(((()(((()()()()))))))	1
(()()(()((()(()())))))	1
()(((((()(()()()()))))))	1
((()()()()()()()()(()()())))	1
((()()(()()((()())))))	1
()(()()(()()()((()))))	1
(()()(((()(()(()()(()(()))))))))	1
((((()((()()()(((()()()()(()((()(((((()((())))))))))))))))))))	1
((()()()()(((())))))	1
()(()()()()(()()(()()())))	1
((()()(((()()()()(()()(((())))))))))	1
()()(()()()()(()()()(())))	1
(()()(()()()()()()))	1
()(()(()()()()(()(()(()((())))))))	1
((()((((()()((()))))))))	1
()(((()(((()((((()))))))))))	1
()(()()(()()(()()()()())))	1
(()((()()()((((())))))))	1
()()()((((()(()((())))))))	1
(()()()(()((()()()))))	1
((()((((()(((()()())))))))))	1
()(()()((((((((((()(()()()((()))))))))))))))	1
()()((()(()((()())))))	1
()(()()()((((()())))))	1
()((()(()()()(()()(()(((()(())))))))))	1
(()()(()()()()((()))))	1
((()(()((()((())))))))	1
()()(()((()()()()())))	1
(((()((()()()())))))	1
(()(((()((()()()))))))	1
()((()(((()()(()((()))))))))	1
()()()()()((()()((()(())))))	1
()(()()(()()()()()(())))	1
((()()()((()((()()))))))	1
(()()(()()()(()()(((()()()()()()(())))))))	1
()()(((()()(()()(())))))	1
()(()()(()(()()()()()(((()()))))))	1
()((()(()(()()((()(())))))))	1
((()()()()(()(((()(()(()()))))))))	1
()(((()()()()((((((())))))))))	1
(((()()((((()())))))))	1
()((()()(()(()()((()()()((()))))))))	1
()((()(()()(()(()(()))))))	1
()(()(()((((()))))))	1
()((()((((((()))))))))	1
(((()()((()()(()()))))))	1
()()(((()(()()(())))))	1
()(((()()()()(((()()))))))	1
((((((()((()))))))))	1
(()()()((((()()()()(()(())))))))	1
(()()((((()()()())))))	1
()()()()(((()()()())))	1
()(((()()()()()(((()))))))	1
()(((((()()()(()()()))))))	1
((()()(()(()((()))))))	1
()(()(()()()(()()())))	1
()()(((()((((()((())))))))))	1
()()(()((()()((()()())))))	1
((()()(()(((()()))))))	1
()()(()()()()()(()(())))	1
()((()(()()()()()((())))))	1
()(()(((()()(()()()())))))	1
()(()()()(()((()()()))))	1
(()()()()()((()((((()())))))))	1
(((()((()()(((()(())))))))))	1
()()(((((()(()()(()()()((()())))))))))	1
()()()(()((()(()))))	1
(()()(((()()()()))))	1
(((()()()()(()()((()))))))	1
()(()(()()()()(())))	1
()()()((()()((()()()()))))	1
(()(()()(((((()()())))))))	1
((()(()()(()()()()))))	1
()(()(()(()(((()()()))))))	1
()()()()()(()()()(()(()())))	1
()()(()()()(()()(()())))	1
()(((((()()(()(()()(()(())))))))))	1
()()((((()()()()()(())))))	1
(()(()()()(()()()())))	1
()()()()((()()(()()((()(()))))))	1
()()()((()(()(()(())))))	1
(()()()()()()((()()())))	1
()((()((()((()))))))	1
((((()(()(()()(()(()))))))))	1
()()(((((((()(()))))))))	1
()()()()()()()()()()()()	1
(()((()()((()((())))))))	1
(((()(()(((())))))))	1
(()()()()()(((((()))))))	1
(()((()(()()()()((()))))))	1
((()((()((()()))))))	1
()()(()(((()(()((()()()()(()(())))))))))	1
()()()()()()(()(()(()((())))))	1
()((()(()((()()())))))	1
((()(()()(()(())))))	1
((()(()()()((()())))))	1
()(((()()((((()())))))))	1
()(()()(()(()((())))))	1
(((()(()()(()((((((())))))))))))	1
()(()()()(()(()()(()))))	1
(()(((()()()()(())))))	1
()(()()()()((()(()()()()))))	1
(()(()(((()()()()()()(((((()))))))))))	1
()((()()(((((())))))))	1
(()()(()((()()()()()()))))	1
()((()((()((()(())))))))	1
()()()()(()()()()((())))	1
(()(()()()()()(()(()))))	1
()()((((()()(())))))	1
()((((()()()()(())))))	1
(()()(((()((()(())))))))	1
((()()(((()()(()()))))))	1
()()((()()()(()()())))	1
(((()(()()()(()()(((()))))))))	1
((()()()()()(((()(()()(())))))))	1
()()()(()()()()((()()())))	1
()()()(()((((()())))))	1
(()()()()()()((()()((((()()()(()()))))))))	1
(()()(((()()((()))))))	1
((()()((((((()()))))))))	1
()()()(()()(()()(()((()()(()((()()))))))))	1
(()(()()(()()((()()(((((()(())))))))))))	1
()()(()()()()()()(()()()((()))))	1
()((()()(()()(()(())))))	1
()((()()((()()()((()(())))))))	1
(((()()(((()(())))))))	1
()(()(()(()()()()()())))	1
()((((()(()((()()()()((()(()()()))))))))))	1
()(()()()()()()(()((()))))	1
(()((()()((()()()()()())))))	1
(()(()()()()()(()(()()))))	1
()()()(((()(()(())))))	1
()(()()(()(()()())))	1
()(()((((((((((((()()())))))))))))))	1
(()(((()(((()()(()()))))))))	1
()()()()()()((()))	1
((()((()()((()()))))))	1
()(()(()(()(((()))))))	1
(((()()()()()()()(()()))))	1
()()((((((()()()(()()((()())))))))))	1
()()()()()()(()(()()))	1
()((()(((()()()(()))))))	1
()(()()()()()()((())))	1
(((((()()()(()((((()()))))))))))	1
()()()(()()((()()()())))	1
()((()()()()((()()(()()()())))))	1
(()((()(()(()((())))))))	1
()()()(((()()())))	1
()((((()(((((((((())))))))))))))	1
()(()((()(((((()()))))))))	1
()()(()()()()(((((()))))))	1
((((()()(()()()())))))	1
(()()()()(()((()()()))))	1
(()()(()()()()(((())))))	1
()()(()(()(()((())))))	1
(()((()()(((()))))))	1
((()(()()()(()()()((()()))))))	1
(()((((((()(()))))))))	1
((()(()(()(()()()()()(()(()(()()))))))))	1
()()()(()(()(()((()())))))	1
()(((()((()(()()))))))	1
(()()()()(()()()()))	1
((()((((()()()(()()())))))))	1
(()(((()(()((((()()())))))))))	1
()()((()(((()(()()))))))	1
()((()(()((()((()(((()))))))))))	1
(((((()(()()(())))))))	1
(()()()((()()(((()))))))	1
((()()(()((()())))))	1
()()(()(()((()()((((()()))))))))	1
(()(((((()(()()())))))))	1
()()((((((()()()()(()()(()))))))))	1
(()((()(()(()(()()))))))	1
()()()()((()(()())))	1
(((((()()(((()))))))))	1
((()((()((()((()))))))))	1
()(((()(()()()()()()()))))	1
(()((()()((((()())))))))	1
()(()((()()()()()()(()((()))))))	1
()()()((()()(()())))	1
()()((()()((()()()()()(((())))))))	1
()(((()(()(()()((()((()()(((()))))))))))))	1
(()(()()()(((())))))	1
()()(()()(()()(()()(()))))	1
((()(((((()()(()))))))))	1
((()()((((()(()()())))))))	1
(()()(()(((()(()()()))))))	1
(()()(()(()()()()()()())))	1
((()()()(()()()(((()()))))))	1
((()()()()()(()(()))))	1
()()()()(((()(()()()))))	1
()()(()(((()(()(()))))))	1
(((()()()()(()()()))))	1
()(()()()((()()((())))))	1
(()((()(((((()(())))))))))	1
(()()()(()()((()))))	1
()()()(((()(()))))	1
()()(()((()(()()()))))	1
()(((((()()((()(()))))))))	1
((()()(()(()(((()()(()(()()()()()())))))))))	1
()()(()()(()()()(()())))	1
()()()()()(()()(()()(((()((()()()(()()(()((()())))))))))))	1
((()()()()()(((())))))	1
()(()(()()((()()((()))))))	1
(((()(()()()(((())))))))	1
()()()()()()()()((()()()))	1
(()(()()(()((((()())))))))	1
((((()((((()(())))))))))	1
()(()()((((()()()())))))	1
()(((((()()((()())))))))	1
()()(()(((((()))))))	1
()()((()((((()()))))))	1
(()((()()(()()(((((())))))))))	1
((()()(((()()((()())))))))	1
()((()()()()()(((()(()))))))	1
()(((((()()(()()))))))	1
((((()(()()(()((()(()())))))))))	1
((()(()()()()(((()))))))	1
(()((()()()(()()()))))	1
(()()()((((()(()))))))	1
()()(()(()(()()(((()))))))	1
()(()()()()(()()()()))	1
((()()()(()()()((())))))	1
(()((()(()()()()(())))))	1
((((((()()()(())))))))	1
(()()()((()()()())))	1
()((((((()()()))))))	1
(((()(()(()((())))))))	1
()()()((((()(((()()()())))))))	1
()()((()()(()(()((((()))))))))	1
()()()(((()(()()()((()((()()))))))))	1
()()()()(((()(()(()(()))))))	1
(((((()()(()((()()))))))))	1
()()(()()()(()((()(((((()()())))))))))	1
(()((()((()()()()((()()())))))))	1
(()(()()()()(((()()(()()))))))	1
()((()(()()()()(()((()()))))))	1
()((()(()((()())))))	1
(()((()(()((((((()((()))))))))))))	1
()()(()()()((()()(()()()))))	1
()()()()()()(()()()())	1
()()()(()(()(()((())))))	1
(((()(()(()((()()(()(((())))))))))))	1
()(()()((()()()(()))))	1
(()()((()(()()(((()())))))))	1
()(((()()()()((())))))	1
(()()()()()()()(()()))	1
((((()(((((((())))))))))))	1
()(()()()(()(()()()())))	1
((()()()((()(()()(()()()(())))))))	1
((()()()()((()()()()))))	1
()()(()(((((()(((()())))))))))	1
((()()(()()()(()()))))	1
()((()()()()()((()()))))	1
()()()(()((()()()(()))))	1
()(()()(()()()()()()))	1
()((()()((((()((()))))))))	1
()(()(()()(()(()()()))))	1
()((((()()()(()()()((((())))))))))	1
()((((()()(()()()())))))	1
()(((()()(()()(())))))	1
()()()((((()((()()()))))))	1
(()()()()()()(()(()()(()(()(()(()()())))))))	1
((()((()()()()()(()(()()()()))))))	1
(()(((()()(((()())))))))	1
(()(()(()(()(()(()()))))))	1
()()(()()()(()()()))	1
(((()(((()(((((())))))))))))	1
(((((((()(()))))))))	1
((()(()(()((()()))))))	1
()((()()((()()()()))))	1
(()((((((()(()()()))))))))	1
(()(()()((((()(((())))))))))	1
()(()()()((()()((()(()))))))	1
((()()((()(()()()()())))))	1
()(()(()(()(()(())))))	1
(()()((((((((())))))))))	1
()(()()((()(((()()(())))))))	1
(((()()((()()()(()))))))	1
()((()()()(()()()(()()))))	1
()()()()(((((()())))))	1
()()()()((()(((())))))	1
((()()((()((()))))))	1
()(()((()()((()())))))	1
((()()(((()()((()()(((()))))))))))	1
((()()()()()()(()()()((()()()())))))	1
()()()(()((()(()()))))	1
((()(()(()(((())))))))	1
((((()(((()()()()(()()))))))))	1
()(()()()()()()()((((())))))	1
(()((()(()()()()()()))))	1
()((()()()()((()(()())))))	1
(()()((()((()()()())))))	1
(()((()(()(()()())))))	1
()()((()()(((((())))))))	1
()()()()(()()(()()()))	1
(()(()(()(()()(()()()(()))))))	1
(((((((()(()()(()()()()(()))))))))))	1
(((()()()()()(()()()))))	1
()(()(()(()()()(((()))))))	1
((()((()()(()())))))	1
()()()()()((()((()()(()())))))	1
((()(()()()((((())))))))	1
(()((()((((((()()(()))))))))))	1
((((((()(()()()()())))))))	1
()()(((((()()(()()))))))	1
()(((()()()(((()))))))	1
()(()(((()()()(()()((()((())))))))))	1
(()(()(()()()(()()()(()((()(()))))))))	1
()((()()()()(((()())))))	1
()()(((()(((((()()()()))))))))	1
()()()(()(()(((()()())))))	1
()()()()()(()(((()(()()())))))	1
((()()(((()()()()((()(()))))))))	1
()()()()((((((()()(())))))))	1
()()()((((()()((()))))))	1
()((()()(()()()()(()))))	1
()()(()()()()()(()()()(())))	1
()()((()(((()()())))))	1
()(()()()((((()(()((()))))))))	1
(()()()()((()((())))))	1
()()(()()(()((()()))))	1
(((()()((()()((()()((())))))))))	1
()(()()(()(()(()()))))	1
(()()((()((()())))))	1
((((()(()()(((()))))))))	1
()(()(()(()(((()()))))))	1
(()()(((()()()()()))))	1
()(()((()((((((((())))))))))))	1
(()()(()(()(()()()()(())))))	1
(()(()()()(()(()()))))	1
((()()()(((()()((()()()()()())))))))	1
(()((()(()()(()())))))	1
()(()()(()((()(())))))	1
(()(()(((((())))))))	1
(()()((()(()()(()())))))	1
(()()()()()((((()()())))))	1
(()(()(()()(()()))))	1
((((()(()()()()()())))))	1
((()((()(()(()))))))	1
()()((()(()()(()(()(()(()())))))))	1
(()(()()((()()((()()))))))	1
(()(((()()(()(((()()))))))))	1
()((()()()(()(((()()()()()))))))	1
()(((()()()()(()))))	1
(((()((()()(()(())))))))	1
(((()()()((()(()()))))))	1
()()()(()(()(((((((()()())))))))))	1
()((()(()()(()()))))	1
()(()()()(()()()(()()()(((()))))))	1
(((((()(()()()(()())))))))	1
()()()()(()(()()()))	1
(()((()((((()()()(()))))))))	1
()(()(()()()(()(()()))))	1
(()((()()()(()()((()))))))	1
()((((((()(())))))))	1
(()()(()((()()()))))	1
(()(()()()()((()()))))	1
(()()()(()()((((()))))))	1
()()(()((((()())))))	1
(()()((((()()()(()(())))))))	1
()()(((()(()()(()()())))))	1
((((()(()()(()()((()))))))))	1
((((((()(()()((()()(()))))))))))	1
()()()()(()((()((()())))))	1
()((()(()()()()(()()))))	1
((()(((()((())))))))	1
((()(()()()((()(((()()))))))))	1
()(()((()()((()()()(()))))))	1
()(((()(()((()(())))))))	1
(()(()()()()(((()((()()()((((())))))))))))	1
(((((((()()(()()(()(()()))))))))))	1
(()(()()(()((()()())))))	1
()()((()((()()(()()())))))	1
(((()()(()()()()(()())))))	1
()(()((((()(((()))))))))	1
(((()((()()(()))))))	1
()()()()()((()()(())))	1
()(()()((()(()()()((()()))))))	1
(()(()((((()()(())))))))	1
()()(((()()()()()(()()()()))))	1
()((()()()()()()(()(((()()))))))	1
()(((()()()(((((()))))))))	1
(()((((()()((()(()))))))))	1
()()(((()(()()(()()()((())))))))	1
()(((()()()()(((()(()(()()))))))))	1
()()()((()()((()))))	1
()()((()()()((()()))))	1
()()(()()()()((()()(()))))	1
()(()()()()()()()())	1
(()(()(()(((()(()()(()))))))))	1
()()()()()()()((((()()()()()))))	1
()((()()((((()()(()(()()()))))))))	1
()()((((()()()()(())))))	1
()()(()(((((()((()(()()(()()()))))))))))	1
((((()(()((())))))))	1
(((()()()(()((()()()()))))))	1
((()()(((()()(()))))))	1
(()(((()()()()()()))))	1
()(((()()((()()())))))	1
()()((()((()(()(()))))))	1
(()(()((()()()()(()())))))	1
(()(((((()((()()()()()()()))))))))	1
(()(()()()()()(()((()(()))))))	1
((()()()(()()((())))))	1
()()()()((()((((()))))))	1
()(()((()(()()()(()())))))	1
()()((()(()()()()()())))	1
(()((()((()(()()()((()))))))))	1
(((()(((()(()())))))))	1
(()(()()(()()(()(()())))))	1
((()(()()()()()())))	1
(()()((((()()()()()((()()())))))))	1
(((()(()()()(())))))	1
()(((((()(()(()()())))))))	1
((()()((()(()()()()((())))))))	1
((()(((((()()()((()((()()()())))))))))))	1
(()(()()(((()()())))))	1
()(()()()()(()(()()())))	1
()()()(((()()()(()))))	1
()()()()(()()(()()))	1
()(()()(()()(((()())))))	1
()()((()((()()()()((()()(())))))))	1
(()(()()((()()()((()))))))	1
()((()(()(()()(())))))	1
(()()()(()(((()((())))))))	1
()()(()(((((()(())))))))	1
(()()()()()()()(((()()))))	1
((()()(()()()()(()))))	1
()((()()()()()(((((())))))))	1
()(()((()(()(())))))	1
()(((()()()(((()()))))))	1
()()(()()()()(((()()()))))	1
((((()(((()())))))))	1
()((()(()(()((()))))))	1
((()(()()()()()(((((()()()))))))))	1
()()()(()(()()(())))	1
()()()(()()()((()())))	1
()((((((()()(()()((()()())))))))))	1
((((()(((()()()()()(((()))))))))))	1
(()()()(()(()()()()())))	1
(()(((()()()(()(()()))))))	1
(((()(()(()(()(()(()(()())))))))))	1
()()((((()()(((())))))))	1
(()()()()()(()((()))))	1
(()()(((((()((()()()()))))))))	1
()()()((()(()(()()))))	1
(()()(()()()()(()()()()(()))))	1
(()(()()(()(()((()(())))))))	1
()(()(()()(()((())))))	1
()(()(((()((()()()()(()(()))))))))	1
(()(()(()(()(()(()))))))	1
()(()()(((()(((())))))))	1
(((()(()()()(()())))))	1
()((((()()(()()()(()()(()()())))))))	1
()()((()(()((()()()(()))))))	1
()()()()()()((()((()))))	1
()()(()()(()()()()))	1
()(()((()(()()()(())))))	1
(()()(()()()()(()())))	1
()(((()(()(((()()(()))))))))	1
()()()(((()()(()))))	1
(()()()(((()((()))))))	1
(()((((()(()()(())))))))	1
()((((()()()()()))))	1
()()()()((()()((()))))	1
()()()()(()(((((()))))))	1
(((()(((()(()()()())))))))	1
((()((()((()()()(()())))))))	1
()()()(()()(()((()(((((())))))))))	1
(()(()()((()()((()))))))	1
()()()(()(()((()()(()(()()))))))	1
((((((()(((()((()(()))))))))))))	1
()(()()()()()((())))	1
(()(((()(()(()()))))))	1
()()(()()()(()(())))	1
(((()(()()((()()()))))))	1
(()()()(()()()(((())))))	1
(((()()((()((()(()))))))))	1
(((()()()(()()((()(()(()))))))))	1
()()()()((((((()))))))	1
(()(()()(()()((()())))))	1
((()(()()()(()()((()()()))))))	1
((()(()()((()()(()()(()())))))))	1
((()((()(((()()(()(((())))))))))))	1
((()()()()()()()()()))	1
(((()()(()()((()))))))	1
()()((()((()(()())))))	1
(()()()()()((()(()((()()))))))	1
()(()(()()(()()(()))))	1
()()(()()()(()(((()(((()))))))))	1
((((()(()(()()))))))	1
(()(()()(()()()(()(()((()())))))))	1
(()()()()()(((()()(()())))))	1
()(()()()((((())))))	1
(()((()((((()()()(((()(()()())))))))))))	1
(((()(((((()(())))))))))	1
()(()((()((((((())))))))))	1
()()(((()(()()()(((()())))))))	1
()(()()()()()((((())))))	1
((()(()()(((((()()()()))))))))	1
(()((()()((()()(()()()()()()()()(()((()(()()()()))))))))))	1
()(()()()()()()(()()))	1
(((()(((()()(((())))))))))	1
((()()()()(()()()(()))))	1
(()((()()()()()(()()()()()()()(())))))	1
(()((()(()()(()(()))))))	1
(()()(()()()()()()(()(()))))	1
()((()()(()()((())))))	1
(()(()()()()(()()()())))	1
()()(((()(((()()()))))))	1
((()()()((()()()))))	1
((()((()()()(()(()()(()()()()((())))))))))	1
(()((()()()(()((()))))))	1
(((((()()((((((())))))))))))	1
()()((()((()()()()()(())))))	1
(()()((()(()()()()(())))))	1
()()()()((()(((()()())))))	1
()(()()()(()()()(()(()()))))	1
()()()()(()()()()()()(()))	1
(()()()(()(()()()()()((()())))))	1
((((()()(()()()()())))))	1
(((()()(()(()(()()()()(())))))))	1
(()()()()()(()(((())))))	1
((()()(()()()((())))))	1
()(()(()(()(((()(()())))))))	1
()(()((()(()()()((()))))))	1
()()()((()((()(()((()()())))))))	1
()(()()()(((()((()(()((()()()(()((()))))))))))))	1
((()(()()((()(()))))))	1
(()()()((()(()(((((())))))))))	1
(((()()()()((()())))))	1
()()((()(()()(((()()()()))))))	1
(((((()()()(((((()()))))))))))	1
(()((()()(()()()))))	1
((()((()()(()((()())))))))	1
()()()()(()(()()()(())))	1
(()()()()()(()((((()))))))	1
(()(((()(()()()()())))))	1
()()()()()()()()((()))	1
()((()(()()(()((()()))))))	1
((()(((((((())))))))))	1
()()()()()((()()()(())))	1
((()()((((((()(()(()()(()(((()()))))))))))))))	1
()()()(()(((((((()(()()())))))))))	1
(()()(()(((()(()(((((()(()()))))))))))))	1
((()(()((((((((()(()(()((())))))))))))))))	1
(((()((((((())))))))))	1
()()(((((()((())))))))	1
()(((()((((()(()))))))))	1
(()()()(((()()(()()())))))	1
()(((()()(()()()))))	1
((()(()(()()()((()))))))	1
()(()()((((()((())))))))	1
()((((()(()(((()()))))))))	1
(()()()()(((()(())))))	1
()()((()((()(()()())))))	1
()()((()()(((()(()))))))	1
((()()()()(()((())))))	1
()((()(((()()()()()())))))	1
(()((()((()())))))	1
()()(()(()((()()))))	1
()()()(()()(((()()((()(())))))))	1
((((((()(())))))))	1
((()()()()((()(()())))))	1
((()()()(()()()()())))	1
()(()(()(((()()(()))))))	1
()()(()()()()(((()))))	1
()(((()()(()(()()()(()))))))	1
((()(()()(((()))))))	1
()(()()()()()(()()))	1
()()((()()(()()()((()(()))))))	1
(()()((()(()((()()))))))	1
()(()(()()()()((()()()()()()))))	1
()(()(()()()()((()()))))	1
()()()((()()((((()))))))	1
()()()()()(((((())))))	1
()((((()()()(((())))))))	1
((()(()((((()(()))))))))	1
(()(()((((()()()))))))	1
()((()()(((()()())))))	1
((()()()()()()(()(()((()()))))))	1
()()((((()()(()())))))	1
((()()((()()()((()))))))	1
()((()()()(((()()()()())))))	1
(()(()()((()()((()(()())))))))	1
()()()()()((()()(()()())))	1
()()()()()(()()((()())))	1
()()()()(()(()()()(()(()))))	1
()((((((((((()))))))))))	1
()()((()()((()((()))))))	1
()(((()()(((((()))))))))	1
((()()()((()()(((()(()))))))))	1
((()()(()(()()(())))))	1
(()(()()()()()()()()(())))	1
()(()((()()()()()())))	1
()()()((()()(((()())))))	1
((()()(()()(()()))))	1
(()()(()((()((()()((()(((())))))))))))	1
(()((()(()((()()))))))	1
(()()()(()(()()(()))))	1
()()(()(((()()()))))	1
(((((((()()(()(((()()()(()(())))))))))))))	1
()((()()()()()()(()())))	1
(()(()(()(((()(())))))))	1
()(()()()()()()(()))	1
(()((()(((()((()(()(()))))))))))	1
()()((()((()()()()))))	1
()()()()((()()()))	1
((()()((()(()(()))))))	1
()()((()(()((()(()((()((()))))))))))	1
(()()()()(()(()()())))	1
(((()()()()(()(())))))	1
(((()((()()(((()))))))))	1
(()(((()()()()()()()))))	1
()()()()()((()(()())))	1
()((()()((()()(())))))	1
(()(()((((((()))))))))	1
()()(((()(()(((((())))))))))	1
()(()(()()((()()()()))))	1
()(()((()(()((()(())))))))	1
()(()(()()()((((()()((()))))))))	1
()()((()(((()())))))	1
(()((()()((((((())))))))))	1
(()(()()()()(()(()()()()))))	1
()()(()(()()()(((()())))))	1
()(()(()((()((()))))))	1
()()()()()()(((())))	1
()()(()()()()(()()(())))	1
(()()(()()(((()())))))	1
()()((()((()((()()(())))))))	1
()()(()(()(((()()(()))))))	1
()(((((()(((()))))))))	1
(()(()(((()((())))))))	1
()(()()((()(((()))))))	1
()()()(((()()()(((()()))))))	1
()()(((()((((()())))))))	1
()(()()(()((()(((())))))))	1
(()()((((((()(()((()(())))))))))))	1
(()()()()()()(()(()()())))	1
()(((()()()(()((()))))))	1
(()()()()()()(((()()))))	1
()(()(((()(()())))))	1
()((((()(((())))))))	1
()(((()()((()(()(())))))))	1
()(()()()(()()()(())))	1
()(()(()()()()()((()(())))))	1
(()(()(()()()(()(((())))))))	1
(()()()()()()()((())))	1
()((()(()()((()((()())))))))	1
()((()(()()(()()(())))))	1
(()(()(((()()()())))))	1
(((((()()()()(()))))))	1
(()()()()(()()(((()())))))	1
()()()()(()(()()(()()((())))))	1
()(()()()()()()()(()()()))	1
()(()()()()()()()(()(()(()(()()())))))	1
((()((()()(()()(()))))))	1
()(()()()(((()(())))))	1
(((()(()(((()()()(()()()()()()()(()()(()))))))))))	1
(()(()((()()()()((((()()((()()(())))))))))))	1
(()(()()(()((()())))))	1
()((()((((()()()))))))	1
()()()()()(()(()()((()(((((())))))))))	1
()()((()()()(((()())))))	1
(((()(()(()()(()()))))))	1
(()((()()()(()((()()()((()))))))))	1
(()(()()()(()()()((())))))	1
()(()()()()()(()()(()())))	1
(()((((()(((()()))))))))	1
()(()(()()()()()(()((()())))))	1
()(()((()()()(((()))))))	1
()()()(()()((((()((()())))))))	1
(()((()()()()()(()))))	1
((()()((((((((()))))))))))	1
((()((()()()((()((((()))))))))))	1
((()()()()()((()(())))))	1
(()()((()()((())))))	1
()(()(()((((()()()))))))	1
((()((((()()()))))))	1
(()(()((()(()()(()()()()(()())))))))	1
()(()()()()()(()(()()()()(()(()())))))	1
(()(()((()()()((()))))))	1
((((()()((((()()))))))))	1
(()(()(()((()())))))	1
()(()(()(()()(()()()))))	1
()(((()()(((()()(()())))))))	1
((()((()((()(())))))))	1
((()(()()()(((()))))))	1
()(()()(()()()(()(()(())))))	1
((((()()()()()(())))))	1
((()(()()(()()(())))))	1
((()(((()(()((()))))))))	1
(()(((()((()()()((()()(()()()(()()()(())))))))))))	1
(()((()()(()((()))))))	1
(()(((((()(()(()(()(()()))))))))))	1
()(((()()()((())))))	1
((((()()((()()()()(()(()()))))))))	1
((()()(()()(()((()))))))	1
()()((()()()()((()(()())))))	1
(()((()()()()()())))	1
(()(()()()()()()()()()((()))))	1
()()(((()()((()()()((())))))))	1
()((()()((((((()()()))))))))	1
((()(()((()((()(()))))))))	1
()()(()()((()()())))	1
((()((()(()(((()()))))))))	1
(()()((()((()(()))))))	1
(()(()(()()(()((()(())))))))	1
()((()()()(()()(()()()()(((()())))))))	1
(()()()(()()()((()))))	1
(()()((()(()()()()()()()))))	1
(()(()(((((()()()((()(()()((()(())))))))))))))	1
((()()()()(()(()(())))))	1
(()(()()()(()()())))	1
()()()()()((((()()()))))	1
((()((()((()((((()()()(()())))))))))))	1
(()()()(()(((()()())))))	1
(((((()(()()()(((((()(()))))))))))))	1
()()((()()()((()()()))))	1
((()((()((()()()))))))	1
(()(()((((()()))))))	1
(()(((()(()()(()))))))	1
(((()()((()(()))))))	1
(()()(((()(()()())))))	1
(()()()()(()()()()()()(())))	1
()((((()()((()()()(()())))))))	1
()()()()()()((()()))	1
()(()(((((()(())))))))	1
(()((()((()((()(()))))))))	1
(()((()((()(()))))))	1
(()(((()()(()(()))))))	1
(((()(()(()(()()))))))	1
()()()(((()()()()(()()(()(()))))))	1
((((((()((()()))))))))	1
(()()(()(()((()((())))))))	1
()((()()()(()()()(()))))	1
(()()()()()(()()(())))	1
(((()(()()(()()())))))	1
()()()(()(()(()())))	1
(()()()()(()()(()(()))))	1
()()()(()((()((())))))	1
()((()()(((()(()(())))))))	1
()()()(((((())))))	1
(()((()()()()((())))))	1
()()()((()()()(((((()())))))))	1
(((()()(()()()()))))	1
(()(()()(()(()()))))	1
((()((((()()()()))))))	1
(()()((()(((((()()()((()))))))))))	1
((()((()(()()(()))))))	1
(()()()()()(()()()()))	1
(((((()()(()()(())))))))	1
()(()()((()(()()(())))))	1
((((()(()((()()())))))))	1
(()((()()(()()(()()())))))	1
()(()()(()()(()(()()))))	1
(()()(()()(()(((()))))))	1
((()((()(((((()()())))))))))	1
()()(()(((((()((()(())))))))))	1
((()()()()()(()(((()))))))	1
((()()(()(()()()))))	1
(()()()()()((()(()))))	1
((()(()(()(()()(()(())))))))	1
()()((()(()((((()((()(()()(())))))))))))	1
(((((()(()((()))))))))	1
()()()(()(((()(())))))	1
()()((()()(()()()(()(()()()())))))	1
(()((((()((()(()))))))))	1
((()(()()()()((()(()))))))	1
(()(()()()()()()()((((()(()(()()))))))))	1
()()(()((()()()()(((((()()()))))))))	1
()()()()((()()(()())))	1
(()()()()()(()(((()()())))))	1
(()()()(()((((()((()))))))))	1
(()(()()()(()(()()(())))))	1
((((((()(((((())))))))))))	1
(()((()()()((()()(()))))))	1
(()((()()(()((()()()))))))	1
()(()()(()()(()(()(()()())))))	1
((()()((((()(()(()()(())))))))))	1
(((((()()()(((()))))))))	1
()(()()()((()()()())))	1
()(()()(()((((()))))))	1
()()((((((()()()(()(()()(()())))))))))	1
((((()(()(()(()(()()(()()())))))))))	1
()(()((((()()()())))))	1
()(((()((((()()())))))))	1
()()()()()()(()(()))	1
(()(((()(((((()())))))))))	1
()(()(((((()()()))))))	1
(((((()()(()(())))))))	1
(()()()()()(((()()()))))	1
()()()()()((((((()((()((()()))))))))))	1
()()()(()()(()((()))))	1
()()((()()(()()()())))	1
((()()()()()()(()()())))	1
((((((()(()()())))))))	1
()()((((()()()((()))))))	1
()()()()(()(()((()))))	1
(((((()(()()()(())))))))	1
(((()(()()()((()))))))	1
(()(()()()(((()()()())))))	1
()((()((()(((()((()()())))))))))	1
()()()()()(()()()())	1
(()()(()()()()()((()))))	1
(()()((((()()(()(()()(()(())))))))))	1
(()((((()(()))))))	1
()((()()(()()()()(()()()))))	1
()()()()(((()(()()))))	1
(()(()(((()(((()(()((()()()(()()))))))))))))	1
(()()()(()(()((())))))	1
(()(((()()()((()))))))	1
()()((()()((()((()(()())))))))	1
()()((()()((()(()(()))))))	1
(()()(()()()(()(()))))	1
(()(()((()()(()()()((())))))))	1
(((()(((()()(()(()))))))))	1
((()()((()(()())))))	1
()()()(()(()()((()))))	1
()((()(((((((()(()()))))))))))	1
()()((()()((()((((()()))))))))	1
()(()((((()(()()()))))))	1
(()(()(()()((()())))))	1
(()((()(()(()()()(()))))))	1
()(()()(((()()(()()()(()))))))	1
(()((()(()()()()()((()))))))	1
((()((((((()()))))))))	1
((()()()(()()(()))))	1
()(((((()((((())))))))))	1
()()((((()(()()((()()()()(()))))))))	1
(()((()()(((()()()))))))	1
((((((()(()()(()()))))))))	1
(()()((((((()(()))))))))	1
(()(()(()()()(()))))	1
()()(()((()()()()(()()()()()()))))	1
()()(((()(()()(()())))))	1
((((((()()(()()()())))))))	1
()()(()()()(()()))	1
()((((((((()))))))))	1
(()()((()(()(()()())))))	1
(()()()()(((((()((()))))))))	1
()()()(()()()()()())	1
()()()()(()((()((())))))	1
(()()(()((((()()))))))	1
(((()()(((()()(())))))))	1
(()(()((()(()()((()()())))))))	1
()()()()((()()((()()()))))	1
(()(()((((()()()()))))))	1
(()(((()(()(()(())))))))	1
((()(()()()((()((())))))))	1
(()(((()(()()(((()((()))))))))))	1
(((()((()(()()))))))	1
(((()((()(()()((()))))))))	1
()()()((()(()()()((()()(()(())))))))	1
(((()()()()(()()))))	1
(()(()(()()(((((()()))))))))	1
()(((((()()(((()))))))))	1
()()()(()((((()()()())))))	1
()((()()()(()()()(()(()()()()((())))))))	1
()()(()()()(()()(((())))))	1
()()()(()(()()(()())))	1
(()()((()()()()()()())))	1
((()()(()()((()(()()(()())))))))	1
()(()()((()()()((())))))	1
()()(()(()(()(((()(())))))))	1
()()()()(()()()((()(()()()()))))	1
(()(((()(()((()()())))))))	1
(()()()((()((())))))	1
()()()(((()(()()(()())))))	1
((((()()()(()(()))))))	1
()()()()()(()(((()()(()())))))	1
()()()(((()()((())))))	1
(()(((()(((((((((()(()))))))))))))))	1
((((()(()()(()))))))	1
(((()(()()()()()(())))))	1
(()()(()()((()((()()))))))	1
(((()((()()()(((()))))))))	1
(()()()()()()()(()(()()()()(()))))	1
(((()()()()()()()()()(()))))	1
(()(()()(()()((((()()())))))))	1
()()()()()(()()(()()()(((())))))	1
(()(()(()(()((()))))))	1
()((((()((((()))))))))	1
()()(((()()()(()((((()))))))))	1
((()()(()((((()())))))))	1
()()((()((()(((()())))))))	1
()(()()()(()(((()())))))	1
(()()()()()((()()()()())))	1
()()()(()()()()()()((()()()((())))))	1
(((((()((()()())))))))	1
(()()()((()(()()(())))))	1
()((()()()(((()())))))	1
((()()(()()(((()))))))	1
()()(((()((()()(()((()()()))))))))	1
()(()()(((()((()(()())))))))	1
()()()(()()(()()(()()())))	1
(()()((()()()(()()()))))	1
((()(()(()()(()((())))))))	1
((((()((()()(()())))))))	1
(()((()(()()((()()()))))))	1
((()((()((()(()(()))))))))	1
(()((()()((()(()))))))	1
(()()((((()()(()()()()))))))	1
(()(()()()()(()(()))))	1
(()()()()()((()()()()(()))))	1
()()((()(()()((())))))	1
(()()()((()()(()(((())))))))	1
(((((()()()((())))))))	1
()()((()(((((()()()())))))))	1
(((((()()()()()(()(()((())))))))))	1
()()()((()()((()()((()))))))	1
()()()()()()()((((()()(())))))	1
()(()()(()(()()((((())))))))	1
((()(()()((()(()(()()()()()())))))))	1
()(()()((()()(()))))	1
((((()((()()(())))))))	1
()()()((((()()(()(()))))))	1
((()()((()((()()))))))	1
()(((((((()()(()()))))))))	1
(()(()()()()(((()()(()))))))	1
((()(()(()(()())))))	1
(()()(()((()(()()((()()()())))))))	1
((()(()(()((()(())))))))	1
()()((()(((((())))))))	1
((()()()()()((()()()))))	1
()()()((()((((()()()))))))	1
()((()()(((()(()))))))	1
()()()((()()()()(())))	1
(()(((((()((()()()))))))))	1
(((()()(()()()()()))))	1
((()(()()((()()()(((()()))))))))	1
()((()(()()(((()))))))	1
((()()()(()()()()()(()))))	1
((((()(()()()()())))))	1
(()()()()((()()(()))))	1
()(((()(((()()))))))	1
(()()((((()()(()))))))	1
()()((()()(()(()()))))	1
()()(()()()(()(()(()()))))	1
()((((()((((()()))))))))	1
(()(((()()()()((()))))))	1
()((()((()((((()(()()())))))))))	1
((((()((()()()()))))))	1
()((()(()(((()(())))))))	1
()()((()(((()()(((()()))))))))	1
(()()(()()()((()(()()((()()(()))))))))	1
(()()()()(()()()(()())))	1
(()()((()()((()(((()))))))))	1
(()((((()(()((()))))))))	1
(()()()((()(()()((()))))))	1
((((()()((()()))))))	1
()((()()()(()(()()()))))	1
()((()()(()(()(())))))	1
(()()()((()(((()))))))	1
()()()(()(()(()()()()()(()))))	1
((()()()()()(()()(()))))	1
(((()(()()(((())))))))	1
(()((()()()()(()()(())))))	1
()()(((()(()()()(())))))	1
()()()(()()(()(()())))	1
(()(()()((()()()(()()())))))	1
(()(()()(()(()()(())))))	1
()(()()(((()(()())))))	1
(()()()()(()()()(((())))))	1
((()(((()(()()()()(())))))))	1
(()(((()()((()()))))))	1
(()()()()(()((()()))))	1
((((()()((((()()((()))))))))))	1
()((()(()()()(()))))	1
(((()(()((()()()))))))	1
((((()()()(()()(()))))))	1
(()()((()((((()()())))))))	1
(((()()(((()()(()(()()()))))))))	1
(()(((()()(((())))))))	1
()()(((()()((())))))	1
()((()((()()()(((())))))))	1
(()((()(()((()))))))	1
()(((((()()()()(()()()(())))))))	1
()()(()((()()()()()(()()((()))))))	1
(((((((()(()()))))))))	1
(()(()()(((((())))))))	1
(()((()(()()()()(()()()(()()()))))))	1
((((()((()((()()))))))))	1
()()((()((()(()()()()()())))))	1
()()(()(()()(()(((()((()()))))))))	1
((((((()()((()()))))))))	1
(()()()()()(((((((()()()))))))))	1
(()()()()(()()(()()())))	1
(()(((()(((()((()(()))))))))))	1
()(((((()()()()()()())))))	1
((()(()(()(((()())))))))	1
(()(()()(()()(()()(())))))	1
()()(((()()(()(()())))))	1
()(((()((()((())))))))	1
((()()()()((()((()()))))))	1
((((()()()((()))))))	1
()()()()(()()()(((((()))))))	1
(((((()((((((())))))))))))	1
(()()()(()(((()(()()()))))))	1
()()(()()(()()()(())))	1
(()()()()((((()(()))))))	1
((()()(()()()()()())))	1
()((()((()()((()))))))	1
()()()(()(()(((())))))	1
(((()()((()()((())))))))	1
()((((()((()()()(()()(()()))))))))	1
()(()(()()()()()(())))	1
((()()()()(()(()((((()()()()()()()()(()())))))))))	1
((()((()()()(())))))	1
()(()()()()()(()()(()(()()()))))	1
(()((()(()()()()()(())))))	1
((()()()(((()()())))))	1
(()(((((()(()(()()()))))))))	1
(()((()((()(()()(()())))))))	1
(()((()(()(()()()())))))	1
(()()(()()(()()()(()))))	1
(((()(((()(())))))))	1
(()(()()()()()()()((()))))	1
()()(()()(()(()((())))))	1
(()((()(()()()(())))))	1
(()()((()()()(()))))	1
()(()(((((()((()))))))))	1
()(((()()()()(()()))))	1
()(()()((()()()())))	1
()()(()()((()()(()))))	1
((()(()()((()()())))))	1
((((()()()()()()((((()))))))))	1
()(()()()(((((()))))))	1
((()()()((()(()((()()((()())))))))))	1
(()()(()()()(()())))	1
((()()(()(()(()(()))))))	1
()(((()()()()()()(()))))	1
()()(()(()((()()()))))	1
((()(((()(()()()(()((((((())))))))))))))	1
()()((()((()(()((((())))))))))	1
(()((((((()())))))))	1
(()()((()((()(()()))))))	1
(()(()()((()()()))))	1
(()((()(()(()(()()()))))))	1
(((()()(((()()()()()((()((()()))))))))))	1
(((()((()((()()((((()())))))))))))	1
(((()((()(()()(())))))))	1
(()(((()(((()())))))))	1
()()(()()()((()()())))	1
(()()(()()((()()()(()())))))	1
()()((((()()()(((())))))))	1
(()()((()()()()(((((()((()))))))))))	1
()()(()(()()((((()))))))	1
()()(()(((()(()()(()))))))	1
()()()((()(()()(()()))))	1
()(()()(()()()(()(()))))	1
()()()()(()((()()())))	1
()()()(()(((()(()(()))))))	1
()(()()()()()()()(()))	1
()((()()()()()()()))	1
()()()((((()()()))))	1
()()()()()()()()()(()(()(((()())))))	1
()((((()()()((((()))))))))	1
()(()(()()()(()(()()()()))))	1
()(()()()(()()(((())))))	1
(()(()((()()(()())))))	1
()()()()()(((()()())))	1
(()()()(((()()(()())))))	1
(((((((()()(()))))))))	1
()((((((()()()(()())))))))	1
()()()()()()()(((((()())))))	1
()()()(()()((()(()))))	1
(()(()()((()(()())))))	1
(((()()()(()()()()))))	1
()(((()()(()(())))))	1
()(()()()()()(((()))))	1
()()()(()(()()(((()()())))))	1
()(()((()()()()()()()()()())))	1
()((()(()()()(()()(((()()()(()(()()()()()())))))))))	1
()()(((((((()(()(())))))))))	1
((((()((()(())))))))	1
()(()((((((((())))))))))	1
()()(()((()()(()))))	1
()(()(()(((()()(()(()(()()(())))))))))	1
()()()()()((()()((()()()()))))	1
(()()((()()()(()()(()()(()((()))))))))	1
()(()()()(()((()))))	1
()((()((()()()((()()))))))	1
(()(((()(()((())))))))	1
()(()()()((()(()(((())))))))	1
(((()()()((((()((((())))))))))))	1
()(()(()()()()(((((())))))))	1
(()()((()()()((()(()()(())))))))	1
()((()()()()()((()(())))))	1
(((((((()(()(())))))))))	1
()()()(()()(()((()()))))	1
((()()()()()((()()((()))))))	1
()()()(()(((()()(()(()))))))	1
()()(()(()((()()(()(()))))))	1
((((((()(((()())))))))))	1
((()((()(()(()()()))))))	1
(()(((((()()()()))))))	1
(((()((((()((()()())))))))))	1
(((()((((()(()))))))))	1
(()()(()()(()(()(()((()())))))))	1
(()(()()()(()((())))))	1
(()()(((((()(()()())))))))	1
()(((((()((()())))))))	1
(()(()()()(((()())))))	1
(()((()()((()())))))	1
()((()()()((()(())))))	1
(()((()(()(((()())))))))	1
()()()()()((((()))))	1
()((()()(()()()(()))))	1
(((()(()((()((((()))))))))))	1
(((((()()()((()(()))))))))	1
()((((()((()()(())))))))	1
(()()()()((()(()))))	1
()()(()((()()(()()(()(()))))))	1
(()((((()()()(()((()))))))))	1
()(()()()()(()((()()()))))	1
((()((((()(()())))))))	1
(()(()(()()()()()((()())))))	1
()(()()()((()()()((()()(()))))))	1
(()(()()()()()((()))))	1
((()(()()(((()()((()()))))))))	1
((()((()()()()()()))))	1
()(((((()(()()))))))	1
(()()()()((((())))))	1
()(()(()()((()(((())))))))	1
(()(()()(()()((())))))	1
()()()()()()()()(()())	1
()()(()(()(((()())))))	1
()()((()()()()()(())))	1
()()((()()(()(()((()(()(()))))))))	1
()((()(()((()()(()))))))	1
((()()()()((((()(()()(()))))))))	1
()()()()()()()()((()()))	1
(()()(((((()((()))))))))	1
(((()((((()()((())))))))))	1
()(()()((()()()(()()(())))))	1
(()((((()((((()((((((())))))))))))))))	1
()((()()()()(()(()()(())))))	1
()()((()()()()(()((()(()))))))	1
()(()(()()()()(((())))))	1
()(()()()()()((()())))	1
()()(((()()((((())))))))	1
(()(()()()(((()(()()()(()())))))))	1
((()((()((()()()()))))))	1
()(()(()(()()(()((()()(())))))))	1
()()(()(()()(((()(()()))))))	1
(()(()(()(()(())))))	1
()()()()(()()()()((((()())))))	1
()((()()((((()()()(((()()()()()()()())))))))))	1
()((()(()()()(()(())))))	1
(()()(()(()()(()))))	1
(()()((()((((())))))))	1
()(()()(((()((()()))))))	1
(()()()()()(()(()())))	1
()()()()((()(((()()(()))))))	1
(()()(()()(()((())))))	1
((()()(()(()()()()()()()()()()))))	1
()((((((()()()()(())))))))	1
(((((()((()(()()()))))))))	1
(()()(()((()((()))))))	1
()()()()((()(((()())))))	1
()((()(((()()()())))))	1
()()()()(()(((((((()()()))))))))	1
(()()()()()((()(((()))))))	1
()(((()(((()()()))))))	1
()()()()()(()((((())))))	1
()()()()()((()()()()()(((()())))))	1
((((((()(()(((()))))))))))	1
(()(()(((()()((())))))))	1
(((()((()((()()(()()))))))))	1
()()()()((()()(((())))))	1
()()()(((()()(()((()()))))))	1
()()(()((()((()((()())))))))	1
(()()((((()(()()))))))	1
()(()(()(()((()())))))	1
((((()((()()()((()((()()()()))))))))))	1
(()(((()(()()((())))))))	1
(()()()()()(((()(()())))))	1
(((()()((()()((()())))))))	1
(()()()(()()()()()((()))))	1
()()()(()()(()(()(()))))	1
(((()(()()()()()()(())))))	1
()(((()((()(()()()(())))))))	1
()()(()((((()(()(())))))))	1
()(()(()(((()(()))))))	1
()()(()(()(()()()()(()))))	1
()()(()(()()(()()())))	1
()(((()()((()()()())))))	1
()(()()()(((()()))))	1
()()(((((()()()((())))))))	1
((((()()(()()()()()()())))))	1
(()(()()()()(()()()(()))))	1
(()()()(()()((((()(())))))))	1
()(()()()(()()((((()()))))))	1
(((((((()())))))))	1
(((()(((()()()(())))))))	1
(()()()()()()(()(()(((()))))))	1
()(()(((()()(()())))))	1
((((((()()(())))))))	1
()(()()(()(((()()(()()()))))))	1
()()()(()((((()(()()))))))	1
()((()(()(()(((()((()())))))))))	1
()((()(()(()()((()))))))	1
()(((()()(()()(()()())))))	1
()((()(()()(()()()))))	1
()((()()()()((()()(()())))))	1
(()((((()()(()()(())))))))	1
()()(()((()()((((()(()))))))))	1
()(()((((()()()(((()))))))))	1
((()()()(()()()()()()()(()))))	1
((()()()(()(()()(())))))	1
(((()((()(()()()()))))))	1
(()()(((((((((()))))))))))	1
(()((()(((((()))))))))	1
()()()((()(((((())))))))	1
(()(()(()((((()(()(((((())))))))))))))	1
()(((()(((()((()((()))))))))))	1
(()((((()()()())))))	1
(()((()()()(()(())))))	1
()(()(()((()()(()()()())))))	1
(((()(()((()()()()))))))	1
((()(()()()()(()((()))))))	1
(()(((((()(((())))))))))	1
(((()(()()()(()()()())))))	1
()()((((((()()))))))	1
(((((()(()((((()()()(()()((()()(()))))))))))))))	1
(()((()(()(((())))))))	1
(((((((()()((()())))))))))	1
(()((((()()()()()()())))))	1
()((()(((()(()(())))))))	1
()()()(()(()()()()()))	1
()(((()(()((((()))))))))	1
()(()((()()(((()))))))	1
()(((()()()(()()()((()()))))))	1
(()(()((()()((()))))))	1
()(()((()((()()()())))))	1
((()()((((()(())))))))	1
((()(()()(()((()))))))	1
()()()(()(()(()()()())))	1
()()(()()((()((()()()(()))))))	1
((((()()(((())))))))	1
()(()()()()()()()()())	1
(((((((((())))))))))	1
()(()()()((()((((((((()())))))))))))	1
((()()(()()(((()()()()))))))	1
(()()()(()(()(((()()))))))	1
(((()(()()(()()()()())))))	1
(()(()(()(()((((()))))))))	1
()()(()(()()()()(())))	1
()((()()()()(()()(()))))	1
()()(()(((()(())))))	1
()((()()(()((()())))))	1
((((((()((()(((()())))))))))))	1
()()((()()(((()(()()()()()()))))))	1
(()()((((((()()()()())))))))	1
((()(((()(()((()()()(()()())))))))))	1
()()((((()((()))))))	1
()()()()()()()(()(()))	1
(((()()(()((()()()))))))	1
()()()(()(((()()()()((()()()))))))	1
(((((()()((()())))))))	1
(()(()()((((()()()()))))))	1
()()()()(()(()(()())))	1
(()(()((()()()()()()))))	1
((((()()()()((()()))))))	1
(((()((()(((()))))))))	1
(()()(((((()()()))))))	1
()()()(((()()()())))	1
(()(((()()()(()((()(()))))))))	1
((()()()()((()(((())))))))	1
()((((()((()(()(()()))))))))	1
()()()()((((()()(((()())))))))	1
(((((()()(()()(()()(((((()(())))))))))))))	1
(((()()()()(((()(())))))))	1
()()((((((()(()(()()(())))))))))	1
((()()(()(()()()()(()()())))))	1
()()()(()()(((()(()()(()()(()(()()()(())))))))))	1
()()()(()()()(()((()))))	1
()((()(()((()(()()(())))))))	1
(((()(()()()()((((()))))))))	1
()()()()()()((()(((())))))	1
(((()((()()())))))	1
()()()()()((()()((()()))))	1
(()()(()()((()()(((()()(()))))))))	1
((((()()(()((())))))))	1
((()(((()()(()))))))	1
()()()()()()()()(((())))	1
()()(()(()()((()(())))))	1
()(()(()(()()((()((())))))))	1
()()()(()()((()()())))	1
(()((((()()((())))))))	1
()((()(()((()(()()((((((()(()()())))))))))))))	1
()()()()((()(()(()()))))	1
()((((()((()()()))))))	1
(()()(((()(()(()((()()))))))))	1
((()(((((()(()(()()())))))))))	1
()((()()()((()()(((((())))))))))	1
()(()(()(((()((((()())))))))))	1
()()((()()(()((()(()()()))))))	1
()(()()()()()()()()()())	1
((((()()(()()(()()()()))))))	1
()()((()()()(()())))	1
()()((()()()(()()(()()()(()())))))	1
()((()()()()()()((()))))	1
()()()()(((()()()(()))))	1
()()()()()()()()()()()	1
()(()()()()(()((()(())))))	1
((((()(()((((())))))))))	1
()(()(()((((()(()((())))))))))	1
((((()()(()((()(()))))))))	1
((()()(()(()(()()(((()(()(()))))))))))	1
(((((()()()(()))))))	1
(()()()(((((()(()((()(()()))))))))))	1
((()((()()()()()(())))))	1
((()(((((()((())))))))))	1
((()(((()(((((()()))))))))))	1
()((()()()()()((()))))	1
(()()()((()()()(()(()(()(())))))))	1
()()((()()((()()(()()(()()()(())))))))	1
()()(()()(()()(()())))	1
()()()()((()(()()())))	1
(()()()((()()(()()()()))))	1
()((()()(()((())))))	1
(((((()()(()()(()((())))))))))	1
()()(((((()(()(())))))))	1
(()(()()()()()(()(()()()((()))))))	1
()(()()(()((()()))))	1
()(()((((()(()))))))	1
(()(()(((()()())))))	1
(()()((()(()(())))))	1
()(((()()()()((()())))))	1
()()(()(()(()()()()())))	1
()()()(()(((((()))))))	1
()((()((((()((()))))))))	1
(((()()()()()()(((()))))))	1
(()(()(()(((()()))))))	1
(()()()(()()()((((()()(())))))))	1
(()(((()((()(()()()())))))))	1
(()()(()()()((()(())))))	1
()()((()()(()(()()(())))))	1
()()((()()()((()))))	1
()()()()(((()(((()()(()()(()()))))))))	1
(()()()(()((()()()()))))	1
()((()(()((()((())))))))	1
()(()()()((()(((()()))))))	1
((()((()()((()))))))	1
()(()()()(()(()(()(())))))	1
()()(()()()()()()((()(((()))))))	1
(()(()(((()()()()()()(()))))))	1
()(()(()()(()(()()((()(()((()())))))))))	1
(()()()()()()(()(()()(()()(()()())))))	1
()()((()()()()(((()()()((((()(()()))))))))))	1
(((()()(()((()(())))))))	1
()((()((()(((())))))))	1
()()()()()(()(((()))))	1
((()(()(()((()))))))	1
()()()(()(()(()()(()()(()())))))	1
()()()()()((((()()))))	1
()()((()(((()(()))))))	1
(()()()()(()(()()()()((((((()()())))))))))	1
()((()()(((()(()(()())))))))	1
()(()((((()()(()(()((()(()))))))))))	1
((()()((((()(((())))))))))	1
()(()((()(()(((())))))))	1
()()((((((((()))))))))	1
()(()()(((()()(())))))	1
()(()(()()(()()(()()))))	1
(((((()()()()()()())))))	1
(()(()((()(()()()(()))))))	1
(()(()(()((()(()()()()))))))	1
((()()()()()()()()(()()()(()((()((()()))))))))	1
((((()()((()()()))))))	1
(()(()(((()((()()()())))))))	1
()(()(()(()()()(()))))	1
(()()(()(()(()()(())))))	1
((((()()()((()((()))))))))	1
(()(()()()()()()(((()())))))	1
()()()(((((()(()))))))	1
()((()()(()()(()))))	1
()(()((()()(()(()())))))	1
()(()()((()()()(()()()(((())))))))	1
(()(()()(((()(()()))))))	1
()()()()()()(((((()(()()))))))	1
(((((((()()(()(()())))))))))	1
(()()((()()(()(()()((())))))))	1
(()()(()()(()()()())))	1
((()((()()()(((())))))))	1
(()(()()()((()()))))	1
(()(()(()(()()()()()))))	1
()()(()()()()()((())))	1
(()(()()()()((()))))	1
()()()()(((()()(()))))	1
()((((()(()()(()))))))	1
(((()()(((()((((()))))))))))	1
()((()(((()(()()()()()))))))	1
()(()()()()((()(()()))))	1
(()()()()((((((())))))))	1
(()((((((()()()()()(()(())))))))))	1
(()(((()(()()())))))	1
(()()(()()((()((()))))))	1
()((()(()((()()()()(()))))))	1
(()(((()()(()()(()()))))))	1
()()((((()(()((())))))))	1
()()()((()(((())))))	1
(()((()()()()()()()()(()(()())))))	1
(()()()()()(()(()(()))))	1
(()()((()(()()()(()((())))))))	1
(()()(()(()((()()()()()())))))	1
()()()(()(()()(()()(()()()))))	1
()()()()(()(()(()()()()()())))	1
(()(()()(()()()(()))))	1
(()()()(()()((()(()())))))	1
()()(()()()()(()()()))	1
()(()()()()(()()()(((())))))	1
(()((()(()((()()()))))))	1
(()(((()(((()(()))))))))	1
(()()(((()()(())))))	1
(()()(()(()()(()()))))	1
(()(()(((()(((()))))))))	1
()()((()()()(()()()()()())))	1
((((()((()()()((()()()()))))))))	1
()(()()()((((((((((())))))))))))	1
()()((()()()()()()((()(()(()))))))	1
(((()()()()()()(()()()))))	1
(((((()(()()()((()()()()))))))))	1
(()()()()()(((()()((()))))))	1
()()((()((()(()()()(()))))))	1
()(((()()(((()()()))))))	1
()(((()()((()(()()()()))))))	1
()(()()(((()((()))))))	1
()((()(()()((()(()))))))	1
()()(()(()()()()(()(()(((((())))))))))	1
()()()((((()()()()))))	1
(()()()((()(()(())))))	1
((()(()()((((())))))))	1
(()()(()((()()((()()))))))	1
()(()(()(()()()()()(()()))))	1
(((()(()(()(()()()()))))))	1
()()()()()(()()(()()()()()))	1
()(()()((()((()()((())))))))	1
(()()()()((()()())))	1
(((()()(()((()))))))	1
(()()()()(((()))))	1
()()(()(()()()(()())))	1
()(((((((()(()))))))))	1
()((()(((()()((())))))))	1
(()(()()(((()())))))	1
()()()()()()(()()()()(()()))	1
(((()((()()()()(()))))))	1
(((()()(()(()((()()()()(((()))))))))))	1
(()((((()(((()))))))))	1
(()()(()(((()()()())))))	1
()((()(()()(((()()))))))	1
((()()()(((()(()(()(()(())))))))))	1
()(()()((((())))))	1
((()()()((()()((()(((())))))))))	1
()()(()(()()()()()()()))	1
()(()(((()(()(()(())))))))	1
((((()(()()()())))))	1
()(()()()(()()()()()()((()(()())))))	1
((()()(()(()((()(())))))))	1
